UTC_Time,Time_s,q0,q1,q2,q3,R11,R12,R13,R21,R22,R23,R31,R32,R33,roll,pitch,yaw,aax,aay,aaz,lax,lay,laz
2026_07_06_15_26_41.487,0.000000,1.00000000,0.00000000,0.00000000,0.00000000,1.00000000,0.00000000,0.00000000,0.00000000,1.00000000,0.00000000,0.00000000,0.00000000,1.00000000,0.000000,0.000000,0.000000,0.000000,0.000000,0.000000,0.000000,0.000000,0.000000
2026_07_06_15_26_41.503,0.020000,0.99675196,0.07805713,0.01975363,-0.00154694,0.99921483,0.00616765,0.03913745,0.00000000,0.98780936,-0.15566829,-0.03962044,0.15554607,0.98703378,8.956217,-2.243149,0.353679,0.000000,0.000000,0.000000,0.000000,0.000000,0.000000
2026_07_06_15_26_41.537,0.040000,0.99676269,0.07792878,0.01969264,-0.00188180,0.99921733,0.00682066,0.03896450,-0.00068216,0.98784715,-0.15542713,-0.03955108,0.15527889,0.98707861,8.940681,-2.233231,0.391124,-0.000214,0.003133,9.815240,-0.000819,0.005460,0.014547
2026_07_06_15_26_41.553,0.060000,0.99677312,0.07780153,0.01963166,-0.00221613,0.99921936,0.00747271,0.03879179,-0.00136322,0.98788404,-0.15518796,-0.03948146,0.15501395,0.98712301,8.925278,-2.223327,0.428513,-0.000475,0.006015,9.814678,-0.001062,0.008214,0.013537
2026_07_06_15_26_41.570,0.080000,0.99678332,0.07767535,0.01957118,-0.00254993,0.99922091,0.00812384,0.03862032,-0.00204305,0.98792005,-0.15495080,-0.03941258,0.15475118,0.98716700,8.910001,-2.213495,0.465849,-0.000522,0.008872,9.813869,-0.001087,0.010907,0.012297
2026_07_06_15_26_41.586,0.100000,0.99679339,0.07755019,0.01951122,-0.00288375,0.99922198,0.00877520,0.03845004,-0.00272280,0.98795533,-0.15471557,-0.03934458,0.15449050,0.98721057,8.894845,-2.203731,0.503197,-0.000625,0.011634,9.813102,-0.001172,0.013513,0.011110
2026_07_06_15_26_41.603,0.120000,0.99680310,0.07742650,0.01945175,-0.00321707,0.99922258,0.00942573,0.03828095,-0.00340141,0.98798960,-0.15448311,-0.03927730,0.15423280,0.98725355,8.879865,-2.194035,0.540499,-0.000898,0.014196,9.812452,-0.001434,0.015937,0.010065
2026_07_06_15_26_41.637,0.140000,0.99681270,0.07730377,0.01939276,-0.00354992,0.99922264,0.01007548,0.03811305,-0.00407894,0.98802304,-0.15425245,-0.03921074,0.15397708,0.98729610,8.865000,-2.184407,0.577754,-0.001282,0.017057,9.812318,-0.001834,0.018737,0.009481
2026_07_06_15_26_41.653,0.160000,0.99682200,0.07718192,0.01933371,-0.00388289,0.99922228,0.01072553,0.03794515,-0.00475668,0.98805577,-0.15402342,-0.03914391,0.15372314,0.98733830,8.850239,-2.174779,0.615028,-0.001544,0.019749,9.812649,-0.002132,0.021441,0.009388
2026_07_06_15_26_41.674,0.180000,0.99683118,0.07706141,0.01927462,-0.00421600,0.99922144,0.01137593,0.03777730,-0.00543461,0.98808753,-0.15379697,-0.03907686,0.15347192,0.98738003,8.835636,-2.165155,0.652321,-0.001873,0.022194,9.812563,-0.002483,0.023836,0.008921
2026_07_06_15_26_41.687,0.200000,0.99684000,0.07694221,0.01921603,-0.00454970,0.99922007,0.01202770,0.03761049,-0.00611360,0.98811841,-0.15357301,-0.03901074,0.15322331,0.98742127,8.821186,-2.155589,0.689692,-0.001980,0.024779,9.812199,-0.002606,0.026330,0.008165
2026_07_06_15_26_41.703,0.220000,0.99684864,0.07682368,0.01915794,-0.00488397,0.99921823,0.01268073,0.03744473,-0.00679359,0.98814851,-0.15335029,-0.03894555,0.15297604,0.98746216,8.806815,-2.146085,0.727135,-0.002265,0.027048,9.811632,-0.002900,0.028479,0.007254
2026_07_06_15_26_41.735,0.240000,0.99685711,0.07670584,0.01910029,-0.00521771,0.99921590,0.01333283,0.03728007,-0.00747242,0.98817796,-0.15312885,-0.03888098,0.15273021,0.98750281,8.792527,-2.136643,0.764525,-0.002715,0.029369,9.810964,-0.003359,0.030660,0.006227
2026_07_06_15_26_41.753,0.260000,0.99686545,0.07658926,0.01904294,-0.00555095,0.99921310,0.01398407,0.03711622,-0.00815013,0.98820657,-0.15290980,-0.03881679,0.15248697,0.98754293,8.778392,-2.127248,0.801866,-0.002639,0.031953,9.810810,-0.003317,0.033188,0.005691
2026_07_06_15_26_41.770,0.280000,0.99687350,0.07647327,0.01898540,-0.00588429,0.99920988,0.01463553,0.03695209,-0.00882803,0.98823440,-0.15269178,-0.03875206,0.15224493,0.98758280,8.764325,-2.117837,0.839219,-0.002603,0.034163,9.810793,-0.003321,0.035366,0.005346
2026_07_06_15_26_41.786,0.300000,0.99688148,0.07635737,0.01892824,-0.00621767,0.99920613,0.01528718,0.03678891,-0.00950593,0.98826176,-0.15247388,-0.03868796,0.15200312,0.98762256,8.750275,-2.108480,0.876583,-0.002779,0.036492,9.809893,-0.003507,0.037525,0.004104
2026_07_06_15_26_41.803,0.320000,0.99688917,0.07624228,0.01887147,-0.00655109,0.99920189,0.01593903,0.03662659,-0.01018381,0.98828840,-0.15225746,-0.03862447,0.15176295,0.98766196,8.736319,-2.099173,0.913958,-0.002988,0.039670,9.809149,-0.003743,0.040546,0.002886
2026_07_06_15_26_41.820,0.340000,0.99689680,0.07612799,0.01881451,-0.00688407,0.99919724,0.01659003,0.03646411,-0.01086079,0.98831427,-0.15204254,-0.03856039,0.15152445,0.98770106,8.722461,-2.089857,0.951285,-0.003341,0.042882,9.809194,-0.004158,0.043719,0.002439
2026_07_06_15_26_41.853,0.360000,0.99690413,0.07601433,0.01875739,-0.00721610,0.99919218,0.01723919,0.03630159,-0.01153586,0.98833948,-0.15182872,-0.03849570,0.15128730,0.98773998,8.708681,-2.080539,0.988506,-0.003980,0.045286,9.809403,-0.004861,0.046111,0.002268
2026_07_06_15_26_41.870,0.380000,0.99691141,0.07590183,0.01870010,-0.00754726,0.99918669,0.01788665,0.03613899,-0.01220916,0.98836392,-0.15161707,-0.03843039,0.15105252,0.98777843,8.695039,-2.071215,1.025630,-0.004426,0.047568,9.809213,-0.005357,0.048327,0.001728
2026_07_06_15_26_41.887,0.400000,0.99691832,0.07579050,0.01864266,-0.00787812,0.99918079,0.01853357,0.03597624,-0.01288182,0.98838747,-0.15140761,-0.03836459,0.15082015,0.98781651,8.681538,-2.061883,1.062722,-0.004739,0.050301,9.808707,-0.005717,0.050943,0.000814
2026_07_06_15_26_41.903,0.420000,0.99692518,0.07567976,0.01858517,-0.00820871,0.99917442,0.01917997,0.03581358,-0.01355389,0.98841035,-0.15119922,-0.03829851,0.15058899,0.98785436,8.668107,-2.052557,1.099785,-0.005440,0.052876,9.808681,-0.006485,0.053466,0.000384
2026_07_06_15_26_41.920,0.440000,0.99693179,0.07556951,0.01852820,-0.00853846,0.99916762,0.01982485,0.03565221,-0.01422418,0.98843271,-0.15099171,-0.03823320,0.15035889,0.98789191,8.654738,-2.043305,1.136761,-0.006514,0.055087,9.808736,-0.007627,0.055634,0.000080
2026_07_06_15_26_41.953,0.460000,0.99693835,0.07545978,0.01847165,-0.00886742,0.99916035,0.02046829,0.03549193,-0.01489282,0.98845440,-0.15078507,-0.03816847,0.15012990,0.98792922,8.641436,-2.034115,1.173654,-0.007125,0.057226,9.808187,-0.008284,0.057648,-0.000793
2026_07_06_15_26_41.970,0.480000,0.99694467,0.07535004,0.01841488,-0.00919568,0.99915266,0.02111029,0.03533144,-0.01556004,0.98847562,-0.15057831,-0.03810301,0.14990096,0.98796654,8.628135,-2.024913,1.210465,-0.007241,0.059607,9.808051,-0.008469,0.059974,-0.001278
2026_07_06_15_26_41.987,0.500000,0.99695098,0.07524042,0.01835795,-0.00952379,0.99914455,0.02175202,0.03517081,-0.01622698,0.98849636,-0.15037169,-0.03803711,0.14967234,0.98800373,8.614855,-2.015703,1.247261,-0.007462,0.062440,9.808085,-0.008776,0.062769,-0.001664
2026_07_06_15_26_42.003,0.520000,0.99695706,0.07513087,0.01830097,-0.00985230,0.99913603,0.02239458,0.03501014,-0.01689471,0.98851657,-0.15016511,-0.03797099,0.14944389,0.98804086,8.601584,-2.006491,1.284104,-0.007881,0.065076,9.808218,-0.009285,0.065380,-0.001928
2026_07_06_15_26_42.020,0.540000,0.99696296,0.07502186,0.01824400,-0.01018121,0.99912697,0.02303797,0.03484955,-0.01756317,0.98853612,-0.14995950,-0.03790481,0.14921653,0.98807776,8.588377,-1.997284,1.320995,-0.008602,0.067189,9.808640,-0.010102,0.067509,-0.001839
2026_07_06_15_26_42.052,0.560000,0.99696881,0.07491337,0.01818705,-0.01051048,0.99911749,0.02368215,0.03468909,-0.01823233,0.98855501,-0.14975488,-0.03783859,0.14899027,0.98811442,8.575234,-1.988084,1.357931,-0.009337,0.069248,9.808393,-0.010909,0.069485,-0.002400
2026_07_06_15_26_42.070,0.580000,0.99697441,0.07480490,0.01813007,-0.01083956,0.99910760,0.02432596,0.03452872,-0.01890109,0.98857343,-0.14955020,-0.03777213,0.14876410,0.98815107,8.562098,-1.978889,1.394847,-0.009943,0.071453,9.808055,-0.011589,0.071593,-0.003071
2026_07_06_15_26_42.087,0.600000,0.99697995,0.07469704,0.01807295,-0.01116793,0.99909729,0.02496839,0.03436832,-0.01956841,0.98859125,-0.14934658,-0.03770516,0.14853923,0.98818743,8.549036,-1.969692,1.431683,-0.010212,0.073672,9.807939,-0.011944,0.073755,-0.003510
2026_07_06_15_26_42.103,0.620000,0.99698532,0.07459031,0.01801571,-0.01149616,0.99908656,0.02561061,0.03420779,-0.02023542,0.98860824,-0.14914511,-0.03763780,0.14831667,0.98822343,8.536109,-1.960489,1.468508,-0.010278,0.076036,9.808087,-0.012112,0.076107,-0.003699
2026_07_06_15_26_42.120,0.640000,0.99699038,0.07448418,0.01795889,-0.01182423,0.99907535,0.02625259,0.03404824,-0.02090198,0.98862457,-0.14894472,-0.03757112,0.14809532,0.98825920,8.523253,-1.951342,1.505319,-0.010361,0.078622,9.808231,-0.012304,0.078674,-0.003929
2026_07_06_15_26_42.136,0.660000,0.99699539,0.07437857,0.01790247,-0.01215161,0.99906367,0.02689331,0.03388972,-0.02156707,0.98864031,-0.14874527,-0.03750499,0.14787510,0.98829466,8.510464,-1.942253,1.542059,-0.010608,0.080727,9.807940,-0.012637,0.080699,-0.004519
2026_07_06_15_26_42.170,0.680000,0.99700016,0.07427342,0.01784592,-0.01247838,0.99905163,0.02753285,0.03373114,-0.02223094,0.98865551,-0.14854661,-0.03743839,0.14765584,0.98832995,8.497730,-1.933161,1.578730,-0.011022,0.082587,9.807906,-0.013144,0.082514,-0.004827
2026_07_06_15_26_42.187,0.700000,0.99700487,0.07416879,0.01778926,-0.01280459,0.99903917,0.02817129,0.03357256,-0.02289365,0.98867005,-0.14834887,-0.03737137,0.14743772,0.98836505,8.485064,-1.924069,1.615339,-0.011490,0.084815,9.808107,-0.013723,0.084725,-0.004954
2026_07_06_15_26_42.204,0.720000,0.99700934,0.07406471,0.01773305,-0.01313022,0.99902630,0.02880869,0.03341506,-0.02355511,0.98868406,-0.14815208,-0.03730500,0.14722073,0.98839992,8.472462,-1.915039,1.651889,-0.011923,0.087194,9.808200,-0.014271,0.087071,-0.005212
2026_07_06_15_26_42.220,0.740000,0.99701375,0.07396070,0.01767725,-0.01345530,0.99901295,0.02944509,0.03325859,-0.02421540,0.98869753,-0.14795537,-0.03723924,0.14700396,0.98843467,8.459874,-1.906069,1.688382,-0.012296,0.089834,9.808051,-0.014760,0.089640,-0.005742
2026_07_06_15_26_42.236,0.760000,0.99701792,0.07385731,0.01762139,-0.01378045,0.99899918,0.03008165,0.03310211,-0.02487577,0.98871040,-0.14775980,-0.03717325,0.14678848,0.98846918,8.447363,-1.897097,1.724884,-0.012893,0.092494,9.807746,-0.015469,0.092199,-0.006438
2026_07_06_15_26_42.270,0.780000,0.99702185,0.07375503,0.01756547,-0.01410620,0.99898493,0.03071945,0.03294551,-0.02553729,0.98872244,-0.14756632,-0.03710712,0.14657518,0.98850328,8.434978,-1.888119,1.761458,-0.013256,0.094908,9.807299,-0.015937,0.094500,-0.007227
2026_07_06_15_26_42.289,0.800000,0.99702573,0.07365381,0.01750996,-0.01443193,0.99897027,0.03135737,0.03278983,-0.02619867,0.98873365,-0.14737488,-0.03704169,0.14636408,0.98853701,8.422720,-1.879194,1.798039,-0.013441,0.097250,9.806867,-0.016229,0.096738,-0.007985
2026_07_06_15_26_42.303,0.820000,0.99702936,0.07355360,0.01745486,-0.01475766,0.99895507,0.03199539,0.03263507,-0.02685991,0.98874414,-0.14718539,-0.03697698,0.14615500,0.98857039,8.410581,-1.870321,1.834626,-0.013787,0.099460,9.806540,-0.016686,0.098855,-0.008624
2026_07_06_15_26_42.320,0.840000,0.99703270,0.07345422,0.01739967,-0.01508396,0.99893945,0.03263456,0.03248011,-0.02752224,0.98875391,-0.14699744,-0.03691203,0.14594762,0.98860347,8.398540,-1.861438,1.871280,-0.014122,0.101177,9.806342,-0.017126,0.100504,-0.009063
2026_07_06_15_26_42.336,0.860000,0.99703598,0.07335558,0.01734439,-0.01541078,0.99892336,0.03327483,0.03232503,-0.02818560,0.98876292,-0.14681087,-0.03684689,0.14574172,0.98863626,8.386586,-1.852547,1.907997,-0.014514,0.102571,9.806771,-0.017639,0.101923,-0.008834
2026_07_06_15_26_42.370,0.880000,0.99703902,0.07325717,0.01728960,-0.01573806,0.99890679,0.03391610,0.03217096,-0.02884975,0.98877138,-0.14662471,-0.03678266,0.14553630,0.98866892,8.374660,-1.843714,1.944772,-0.015010,0.104360,9.807230,-0.018270,0.103732,-0.008636
2026_07_06_15_26_42.387,0.900000,0.99704188,0.07315914,0.01723534,-0.01606576,0.99888968,0.03455833,0.03201800,-0.02951463,0.98877925,-0.14643924,-0.03671943,0.14533164,0.98870134,8.362780,-1.834945,1.981603,-0.015793,0.106647,9.807287,-0.019190,0.105964,-0.008917
2026_07_06_15_26_42.403,0.920000,0.99704468,0.07306205,0.01718109,-0.01639392,0.99887210,0.03520151,0.03186508,-0.03018037,0.98878634,-0.14625558,-0.03665618,0.14512894,0.98873347,8.351013,-1.826178,2.018489,-0.016751,0.109019,9.806790,-0.020271,0.108192,-0.009765
2026_07_06_15_26_42.420,0.940000,0.99704719,0.07296540,0.01712679,-0.01672195,0.99885410,0.03584448,0.03171218,-0.03084582,0.98879284,-0.14607267,-0.03659268,0.14492710,0.98876542,8.339296,-1.817413,2.055363,-0.017493,0.111696,9.806274,-0.021148,0.110726,-0.010667
2026_07_06_15_26_42.436,0.960000,0.99704969,0.07286868,0.01707295,-0.01704930,0.99883568,0.03648616,0.03156043,-0.03150982,0.98879898,-0.14588955,-0.03652987,0.14472523,0.98879737,8.327579,-1.808713,2.092164,-0.018225,0.114376,9.806126,-0.022031,0.113316,-0.011205
2026_07_06_15_26_42.470,0.980000,0.99705195,0.07277174,0.01701952,-0.01737652,0.99881679,0.03712767,0.03140964,-0.03217351,0.98880464,-0.14570591,-0.03646772,0.14452294,0.98882920,8.315838,-1.800069,2.128955,-0.018648,0.116280,9.806228,-0.022594,0.115186,-0.011370
2026_07_06_15_26_42.488,1.000000,0.99705422,0.07267509,0.01696651,-0.01770417,0.99879742,0.03777013,0.03125975,-0.03283795,0.98880976,-0.14552277,-0.03640636,0.14432126,0.98886096,8.304132,-1.791475,2.165802,-0.019029,0.117782,9.805989,-0.023092,0.116609,-0.011813
2026_07_06_15_26_42.504,1.020000,0.99705619,0.07257876,0.01691396,-0.01803223,0.99877751,0.03841348,0.03111082,-0.03350310,0.98881435,-0.14534019,-0.03634585,0.14412020,0.98889250,8.292463,-1.782938,2.202701,-0.019724,0.119489,9.805861,-0.023916,0.118239,-0.012185
2026_07_06_15_26_42.520,1.040000,0.99705815,0.07248222,0.01686130,-0.01836069,0.99875718,0.03905764,0.03096174,-0.03416906,0.98881841,-0.14515716,-0.03628504,0.14391881,0.98892403,8.280776,-1.774391,2.239646,-0.020257,0.121433,9.806309,-0.024610,0.120192,-0.012015
2026_07_06_15_26_42.537,1.060000,0.99706000,0.07238612,0.01680851,-0.01868902,0.99873638,0.03970154,0.03081254,-0.03483474,0.98882192,-0.14497486,-0.03622384,0.14371833,0.98895544,8.269141,-1.765838,2.276578,-0.020878,0.123598,9.806461,-0.025391,0.122316,-0.012173
2026_07_06_15_26_42.560,1.080000,0.99706155,0.07229045,0.01675554,-0.01901720,0.99871522,0.04034518,0.03066308,-0.03550012,0.98882484,-0.14479335,-0.03616213,0.14351876,0.98898667,8.257560,-1.757270,2.313495,-0.021124,0.125868,9.806698,-0.025808,0.124570,-0.012248
2026_07_06_15_26_42.587,1.100000,0.99706310,0.07219468,0.01670241,-0.01934526,0.99869359,0.04098853,0.03051347,-0.03616524,0.98882741,-0.14461152,-0.03609997,0.14331909,0.98901790,8.245973,-1.748693,2.350396,-0.021430,0.128129,9.807314,-0.026300,0.126868,-0.011949
2026_07_06_15_26_42.603,1.120000,0.99706447,0.07209878,0.01664874,-0.01967323,0.99867159,0.04163167,0.03036291,-0.03683025,0.98882943,-0.14442934,-0.03603657,0.14311920,0.98904920,8.234373,-1.740062,2.387285,-0.022335,0.130038,9.807074,-0.027349,0.128668,-0.012464
2026_07_06_15_26_42.620,1.140000,0.99706584,0.07200281,0.01659452,-0.02000112,0.99864918,0.04227458,0.03021139,-0.03749517,0.98883110,-0.14424691,-0.03597194,0.14291927,0.98908043,8.222771,-1.731376,2.424163,-0.022922,0.131794,9.806210,-0.028056,0.130240,-0.013562
2026_07_06_15_26_42.637,1.160000,0.99706697,0.07190683,0.01654027,-0.02032837,0.99862635,0.04291622,0.03006002,-0.03815879,0.98883235,-0.14406432,-0.03590702,0.14271937,0.98911166,8.211171,-1.722699,2.460968,-0.023474,0.133818,9.805943,-0.028761,0.132164,-0.014106
2026_07_06_15_26_42.661,1.180000,0.99706817,0.07181082,0.01648600,-0.02065502,0.99860317,0.04355668,0.02990883,-0.03882119,0.98883313,-0.14388160,-0.03584185,0.14251952,0.98914284,8.199574,-1.714032,2.497705,-0.024024,0.135681,9.805759,-0.029464,0.133940,-0.014544
2026_07_06_15_26_42.686,1.200000,0.99706906,0.07171530,0.01643227,-0.02098161,0.99857950,0.04419711,0.02975881,-0.03948333,0.98883337,-0.14369975,-0.03577762,0.14232065,0.98917377,8.188035,-1.705432,2.534443,-0.024532,0.137344,9.805706,-0.030124,0.135539,-0.014822
2026_07_06_15_26_42.702,1.220000,0.99706984,0.07162088,0.01637956,-0.02130809,0.99855536,0.04483755,0.02961092,-0.04014508,0.98883283,-0.14352007,-0.03571534,0.14212401,0.98920435,8.176626,-1.696954,2.571182,-0.024912,0.139215,9.805017,-0.030644,0.137256,-0.015756
2026_07_06_15_26_42.720,1.240000,0.99707031,0.07152767,0.01632718,-0.02163399,0.99853081,0.04547692,0.02946384,-0.04080554,0.98883152,-0.14334269,-0.03565356,0.14192979,0.98923445,8.165359,-1.688523,2.607859,-0.024976,0.141774,9.803978,-0.030866,0.139619,-0.017124
2026_07_06_15_26_42.737,1.260000,0.99707067,0.07143506,0.01627414,-0.02195941,0.99850589,0.04611526,0.02931559,-0.04146509,0.98882961,-0.14316633,-0.03559028,0.14173687,0.98926437,8.154164,-1.680024,2.644480,-0.025431,0.144405,9.803752,-0.031514,0.142151,-0.017708
2026_07_06_15_26_42.761,1.280000,0.99707097,0.07134286,0.01622051,-0.02228439,0.99848062,0.04675268,0.02916633,-0.04212381,0.98882723,-0.14299072,-0.03552566,0.14154486,0.98929417,8.143025,-1.671468,2.681047,-0.026073,0.146440,9.804250,-0.032353,0.144187,-0.017496
2026_07_06_15_26_42.785,1.300000,0.99707115,0.07125103,0.01616680,-0.02260891,0.99845493,0.04738918,0.02901708,-0.04278158,0.98882425,-0.14281572,-0.03546072,0.14135368,0.98932385,8.131933,-1.662912,2.717563,-0.026388,0.148175,9.804723,-0.032854,0.145936,-0.017255
2026_07_06_15_26_42.803,1.320000,0.99707109,0.07115957,0.01611356,-0.02293296,0.99842888,0.04802485,0.02886894,-0.04343831,0.98882079,-0.14264137,-0.03539653,0.14116323,0.98935336,8.120884,-1.654420,2.754031,-0.026732,0.149697,9.804592,-0.033356,0.147387,-0.017583
2026_07_06_15_26_42.820,1.340000,0.99707085,0.07106907,0.01606085,-0.02325710,0.99840230,0.04866082,0.02872188,-0.04409510,0.98881662,-0.14246885,-0.03533333,0.14097475,0.98938245,8.109949,-1.645990,2.790519,-0.027270,0.151545,9.804399,-0.034065,0.149143,-0.018023
2026_07_06_15_26_42.837,1.360000,0.99707055,0.07097909,0.01600852,-0.02358133,0.99837530,0.04929704,0.02857569,-0.04475196,0.98881179,-0.14229733,-0.03527082,0.14078730,0.98941141,8.099075,-1.637610,2.827021,-0.027203,0.153944,9.804127,-0.034194,0.151462,-0.018600
2026_07_06_15_26_42.861,1.380000,0.99707007,0.07088961,0.01595648,-0.02390562,0.99834782,0.04993345,0.02843014,-0.04540886,0.98880637,-0.14212672,-0.03520878,0.14060093,0.98944008,8.088265,-1.629266,2.863535,-0.026682,0.156319,9.803798,-0.033870,0.153771,-0.019218
2026_07_06_15_26_42.886,1.400000,0.99706930,0.07080097,0.01590423,-0.02423054,0.99831986,0.05057113,0.02828414,-0.04606699,0.98880023,-0.14195769,-0.03514632,0.14041622,0.98946857,8.077550,-1.620897,2.900123,-0.026423,0.157921,9.803781,-0.033787,0.155347,-0.019425
2026_07_06_15_26_42.903,1.420000,0.99706846,0.07071315,0.01585188,-0.02455555,0.99829149,0.05120901,0.02813802,-0.04672527,0.98879337,-0.14179020,-0.03508362,0.14023320,0.98949671,8.066934,-1.612521,2.936724,-0.026861,0.159507,9.803899,-0.034405,0.156891,-0.019514
2026_07_06_15_26_42.920,1.440000,0.99706739,0.07062568,0.01579951,-0.02488063,0.99826264,0.05184704,0.02799193,-0.04738363,0.98878592,-0.14162332,-0.03502078,0.14005092,0.98952478,8.056360,-1.604147,2.973334,-0.027471,0.161572,9.803538,-0.035203,0.158831,-0.020150
2026_07_06_15_26_42.937,1.460000,0.99706632,0.07053804,0.01574708,-0.02520577,0.99823338,0.05248518,0.02784584,-0.04804211,0.98877811,-0.14145604,-0.03495770,0.13986838,0.98955286,8.045773,-1.595773,3.009952,-0.027763,0.163417,9.802856,-0.035664,0.160525,-0.021064
2026_07_06_15_26_42.961,1.480000,0.99706501,0.07045020,0.01569455,-0.02553042,0.99820375,0.05312234,0.02769973,-0.04869960,0.98876995,-0.14128824,-0.03489422,0.13968550,0.98958093,8.035165,-1.587397,3.046514,-0.028020,0.165193,9.802715,-0.036109,0.162229,-0.021430
2026_07_06_15_26_42.970,1.500000,0.99706370,0.07036275,0.01564194,-0.02585463,0.99817371,0.05375864,0.02755362,-0.04935620,0.98876125,-0.14112113,-0.03483043,0.13950346,0.98960882,8.024607,-1.579022,3.083027,-0.028417,0.167130,9.802968,-0.036717,0.164139,-0.021432
2026_07_06_15_26_43.003,1.520000,0.99706215,0.07027573,0.01558980,-0.02617838,0.99814332,0.05439412,0.02740860,-0.05001178,0.98875201,-0.14095476,-0.03476742,0.13932231,0.98963654,8.014100,-1.570709,3.119495,-0.028845,0.169106,9.802850,-0.037348,0.166032,-0.021807
2026_07_06_15_26_43.020,1.540000,0.99706060,0.07018862,0.01553807,-0.02650223,0.99811238,0.05502985,0.02726449,-0.05066747,0.98874235,-0.14078820,-0.03470511,0.13914102,0.98966426,8.003586,-1.562449,3.155978,-0.028761,0.171108,9.802518,-0.037464,0.167949,-0.022383
2026_07_06_15_26_43.038,1.560000,0.99705881,0.07010141,0.01548680,-0.02682669,0.99808097,0.05566688,0.02712133,-0.05132429,0.98873222,-0.14062138,-0.03464369,0.13895954,0.98969191,7.993062,-1.554243,3.192538,-0.028905,0.173041,9.802290,-0.037810,0.169800,-0.022852
2026_07_06_15_26_43.062,1.580000,0.99705696,0.07001462,0.01543604,-0.02715123,0.99804908,0.05630414,0.02697925,-0.05198115,0.98872155,-0.14045535,-0.03458318,0.13877891,0.98971939,7.982587,-1.546099,3.229111,-0.029624,0.174741,9.802360,-0.038731,0.171429,-0.023007
2026_07_06_15_26_43.072,1.600000,0.99705482,0.06992878,0.01538516,-0.02747533,0.99801683,0.05694056,0.02683706,-0.05263710,0.98871017,-0.14029106,-0.03452232,0.13860023,0.98974651,7.972226,-1.537948,3.265637,-0.030329,0.176724,9.802707,-0.039664,0.173376,-0.022928
2026_07_06_15_26_43.103,1.620000,0.99705267,0.06984337,0.01533468,-0.02779953,0.99798405,0.05757724,0.02669575,-0.05329313,0.98869818,-0.14012763,-0.03446220,0.13842243,0.98977351,7.961915,-1.529848,3.302180,-0.030604,0.178824,9.803189,-0.040182,0.175482,-0.022718
2026_07_06_15_26_43.120,1.640000,0.99705023,0.06975829,0.01528461,-0.02812432,0.99795079,0.05821517,0.02655523,-0.05395026,0.98868561,-0.13996477,-0.03440285,0.13824530,0.98980033,7.951644,-1.521794,3.338795,-0.030759,0.180487,9.803307,-0.040547,0.177111,-0.022806
2026_07_06_15_26_43.139,1.660000,0.99704772,0.06967352,0.01523442,-0.02844973,0.99791706,0.05885434,0.02641451,-0.05460860,0.98867244,-0.13980247,-0.03434328,0.13806881,0.98982704,7.941411,-1.513727,3.375483,-0.031118,0.181990,9.803367,-0.041107,0.178562,-0.022932
2026_07_06_15_26_43.162,1.680000,0.99704510,0.06958855,0.01518462,-0.02877566,0.99788278,0.05949460,0.02627459,-0.05526790,0.98865879,-0.13963974,-0.03428441,0.13789195,0.98985374,7.931157,-1.505707,3.412235,-0.031173,0.183744,9.803808,-0.041393,0.180331,-0.022709
2026_07_06_15_26_43.170,1.700000,0.99704224,0.06950402,0.01513520,-0.02910156,0.99784803,0.06013488,0.02613551,-0.05592705,0.98864460,-0.13947779,-0.03422621,0.13771597,0.98988026,7.920953,-1.497736,3.448988,-0.031531,0.185524,9.803478,-0.041958,0.182000,-0.023258
2026_07_06_15_26_43.194,1.720000,0.99703932,0.06942040,0.01508569,-0.02942748,0.99781287,0.06077522,0.02599632,-0.05658620,0.98862964,-0.13931762,-0.03416779,0.13754188,0.98990643,7.910861,-1.489757,3.485747,-0.032365,0.187229,9.803350,-0.043004,0.183594,-0.023609
2026_07_06_15_26_43.220,1.740000,0.99703610,0.06933772,0.01503663,-0.02975339,0.99777728,0.06141562,0.02585806,-0.05724519,0.98861402,-0.13915920,-0.03411019,0.13736963,0.98993236,7.900876,-1.481832,3.522510,-0.033140,0.189200,9.803389,-0.044013,0.185476,-0.023831
2026_07_06_15_26_43.237,1.760000,0.99703282,0.06925542,0.01498840,-0.03007871,0.99774122,0.06205497,0.02572163,-0.05790286,0.98859793,-0.13900152,-0.03405409,0.13719818,0.98995805,7.890936,-1.474012,3.559215,-0.033354,0.190945,9.803138,-0.044442,0.187129,-0.024292
2026_07_06_15_26_43.255,1.780000,0.99702930,0.06917349,0.01494034,-0.03040349,0.99770480,0.06269329,0.02558568,-0.05855939,0.98858130,-0.13884446,-0.03399814,0.13702750,0.98998362,7.881042,-1.466219,3.595862,-0.033107,0.192834,9.803122,-0.044430,0.188985,-0.024530
2026_07_06_15_26_43.271,1.800000,0.99702573,0.06909248,0.01489200,-0.03072836,0.99766797,0.06333178,0.02544922,-0.05921608,0.98856401,-0.13868918,-0.03394162,0.13685875,0.99000889,7.871259,-1.458398,3.632519,-0.033305,0.194940,9.803058,-0.044875,0.191020,-0.024857
2026_07_06_15_26_43.286,1.820000,0.99702185,0.06901232,0.01484349,-0.03105331,0.99763072,0.06397042,0.02531245,-0.05987289,0.98854595,-0.13853545,-0.03388469,0.13669170,0.99003392,7.861576,-1.450558,3.669187,-0.033894,0.196992,9.803274,-0.045719,0.193015,-0.024906
2026_07_06_15_26_43.319,1.840000,0.99701798,0.06893305,0.01479481,-0.03137781,0.99759310,0.06460819,0.02517544,-0.06052878,0.98852736,-0.13838345,-0.03382731,0.13652653,0.99005872,7.852000,-1.442705,3.705806,-0.034529,0.199164,9.803229,-0.046610,0.195089,-0.025234
2026_07_06_15_26_43.336,1.860000,0.99701381,0.06885455,0.01474596,-0.03170241,0.99755502,0.06524613,0.02503814,-0.06118483,0.98850805,-0.13823283,-0.03376956,0.13636291,0.99008322,7.842516,-1.434835,3.742436,-0.034960,0.200956,9.803131,-0.047275,0.196792,-0.025555
2026_07_06_15_26_43.353,1.880000,0.99700958,0.06877621,0.01469706,-0.03202764,0.99751645,0.06588534,0.02490075,-0.06184211,0.98848814,-0.13808249,-0.03371170,0.13619964,0.99010766,7.833052,-1.426960,3.779140,-0.035586,0.202431,9.802938,-0.048115,0.198157,-0.025928
2026_07_06_15_26_43.371,1.900000,0.99700516,0.06869750,0.01464817,-0.03235344,0.99747735,0.06652568,0.02476340,-0.06250051,0.98846781,-0.13793135,-0.03365380,0.13603568,0.99013215,7.823548,-1.419088,3.815911,-0.036324,0.203887,9.802452,-0.049058,0.199453,-0.026594
2026_07_06_15_26_43.388,1.920000,0.99700075,0.06861845,0.01459921,-0.03267926,0.99743783,0.06716605,0.02462605,-0.06315894,0.98844713,-0.13777949,-0.03359565,0.13587113,0.99015677,7.814010,-1.411215,3.852684,-0.036809,0.205159,9.802049,-0.049741,0.200595,-0.027145
2026_07_06_15_26_43.420,1.940000,0.99699616,0.06853913,0.01455012,-0.03300456,0.99739796,0.06780533,0.02448862,-0.06381632,0.98842615,-0.13762693,-0.03353704,0.13570605,0.99018139,7.804441,-1.403338,3.889397,-0.037128,0.206596,9.801714,-0.050273,0.201920,-0.027646
2026_07_06_15_26_43.438,1.960000,0.99699157,0.06845970,0.01450146,-0.03332985,0.99735767,0.06844470,0.02435217,-0.06447363,0.98840481,-0.13747415,-0.03347918,0.13554081,0.99020594,7.794864,-1.395517,3.926116,-0.037308,0.208635,9.801472,-0.050711,0.203862,-0.028132
2026_07_06_15_26_43.453,1.980000,0.99698669,0.06838067,0.01445321,-0.03365516,0.99731690,0.06908412,0.02421659,-0.06513084,0.98838282,-0.13732208,-0.03342204,0.13537638,0.99023038,7.785335,-1.387746,3.962840,-0.037583,0.210516,9.801350,-0.051239,0.205657,-0.028482
2026_07_06_15_26_43.480,2.000000,0.99698180,0.06830209,0.01440474,-0.03397997,0.99727571,0.06972258,0.02408073,-0.06578708,0.98836035,-0.13717082,-0.03336434,0.13521293,0.99025464,7.775861,-1.379959,3.999510,-0.037676,0.212558,9.801131,-0.051595,0.207610,-0.028943
2026_07_06_15_26_43.496,2.020000,0.99697882,0.06834440,0.01441333,-0.03397937,0.99727529,0.06972358,0.02409497,-0.06578329,0.98834890,-0.13725536,-0.03338417,0.13529633,0.99024260,7.780692,-1.380775,3.999568,-0.037617,0.212355,9.800546,-0.051502,0.207332,-0.029513
2026_07_06_15_26_43.517,2.040000,0.99697584,0.06838615,0.01442132,-0.03397942,0.99727488,0.06972575,0.02410797,-0.06578088,0.98833746,-0.13733873,-0.03340285,0.13537863,0.99023074,7.785459,-1.381520,3.999694,-0.037853,0.211851,9.799934,-0.051684,0.206732,-0.030073
2026_07_06_15_26_43.539,2.060000,0.99697286,0.06842781,0.01442862,-0.03397952,0.99727440,0.06972796,0.02411961,-0.06577870,0.98832607,-0.13742189,-0.03342018,0.13546078,0.99021888,7.790217,-1.382187,3.999823,-0.037852,0.211202,9.800184,-0.051647,0.206122,-0.029755
2026_07_06_15_26_43.554,2.080000,0.99696988,0.06846984,0.01443528,-0.03397971,0.99727398,0.06973026,0.02412992,-0.06577673,0.98831451,-0.13750577,-0.03343626,0.13554373,0.99020702,7.795022,-1.382778,3.999956,-0.037917,0.210384,9.800671,-0.051675,0.205373,-0.029181
2026_07_06_15_26_43.572,2.100000,0.99696684,0.06851219,0.01444195,-0.03398046,0.99727350,0.06973369,0.02414013,-0.06577589,0.98830283,-0.13759026,-0.03345244,0.13562727,0.99019504,7.799860,-1.383364,4.000153,-0.038217,0.209407,9.801265,-0.051929,0.204464,-0.028483
2026_07_06_15_26_43.589,2.120000,0.99696380,0.06855430,0.01444862,-0.03398174,0.99727297,0.06973816,0.02415031,-0.06577610,0.98829108,-0.13767427,-0.03346869,0.13571033,0.99018312,7.804670,-1.383947,4.000411,-0.038457,0.208463,9.801886,-0.052127,0.203596,-0.027761
2026_07_06_15_26_43.606,2.140000,0.99696076,0.06859626,0.01445576,-0.03398347,0.99727231,0.06974360,0.02416137,-0.06577715,0.98827934,-0.13775806,-0.03348593,0.13579305,0.99017119,7.809462,-1.384581,4.000725,-0.038228,0.207669,9.801876,-0.051846,0.202824,-0.027676
2026_07_06_15_26_43.636,2.160000,0.99695772,0.06863810,0.01446338,-0.03398563,0.99727160,0.06974994,0.02417334,-0.06577899,0.98826760,-0.13784166,-0.03350417,0.13587548,0.99015927,7.814237,-1.385267,4.001090,-0.038252,0.207037,9.801927,-0.051831,0.202202,-0.027556
2026_07_06_15_26_43.656,2.180000,0.99695456,0.06867978,0.01447097,-0.03398822,0.99727076,0.06975714,0.02418519,-0.06578169,0.98825580,-0.13792492,-0.03352240,0.13595755,0.99014735,7.818992,-1.385946,4.001505,-0.038494,0.206228,9.801776,-0.052014,0.201362,-0.027617
2026_07_06_15_26_43.672,2.200000,0.99695158,0.06872126,0.01447901,-0.03399120,0.99726993,0.06976518,0.02419790,-0.06578512,0.98824400,-0.13800785,-0.03354158,0.13603923,0.99013549,7.823723,-1.386675,4.001968,-0.038466,0.204996,9.801538,-0.051898,0.200111,-0.027699
2026_07_06_15_26_43.690,2.220000,0.99694854,0.06876195,0.01448742,-0.03399398,0.99726903,0.06977286,0.02421143,-0.06578813,0.98823243,-0.13808922,-0.03356140,0.13611929,0.99012381,7.828362,-1.387451,4.002411,-0.038305,0.203674,9.801538,-0.051652,0.198814,-0.027530
2026_07_06_15_26_43.705,2.240000,0.99694556,0.06880193,0.01449557,-0.03399662,0.99726820,0.06978020,0.02422453,-0.06579091,0.98822105,-0.13816917,-0.03358066,0.13619795,0.99011236,7.832920,-1.388201,4.002834,-0.037809,0.202583,9.801558,-0.051086,0.197770,-0.027366
2026_07_06_15_26_43.736,2.260000,0.99694264,0.06884131,0.01450301,-0.03399916,0.99726743,0.06978724,0.02423625,-0.06579361,0.98820984,-0.13824785,-0.03359844,0.13627550,0.99010110,7.837411,-1.388873,4.003240,-0.037587,0.201999,9.801526,-0.050826,0.197202,-0.027327
2026_07_06_15_26_43.756,2.280000,0.99693978,0.06888018,0.01450988,-0.03400109,0.99726677,0.06979296,0.02424695,-0.06579519,0.98819888,-0.13832548,-0.03361496,0.13635206,0.99008995,7.841847,-1.389486,4.003570,-0.038029,0.201655,9.801395,-0.051240,0.196812,-0.027434
2026_07_06_15_26_43.771,2.300000,0.99693692,0.06891906,0.01451675,-0.03400294,0.99726611,0.06979854,0.02425766,-0.06579662,0.98818791,-0.13840312,-0.03363147,0.13642868,0.99007887,7.846285,-1.390100,4.003891,-0.038432,0.201210,9.801596,-0.051620,0.196368,-0.027201
2026_07_06_15_26_43.795,2.320000,0.99693406,0.06895836,0.01452408,-0.03400470,0.99726546,0.06980400,0.02426928,-0.06579778,0.98817682,-0.13848165,-0.03364892,0.13650611,0.99006760,7.850771,-1.390766,4.004206,-0.038590,0.200164,9.801881,-0.051718,0.195361,-0.026793
2026_07_06_15_26_43.805,2.340000,0.99693114,0.06899810,0.01453233,-0.03400632,0.99726474,0.06980933,0.02428271,-0.06579851,0.98816568,-0.13856108,-0.03366820,0.13658433,0.99005616,7.855304,-1.391536,4.004513,-0.038450,0.199134,9.801964,-0.051514,0.194361,-0.026583
2026_07_06_15_26_43.822,2.360000,0.99692822,0.06903777,0.01454086,-0.03400784,0.99726409,0.06981449,0.02429673,-0.06579901,0.98815453,-0.13864040,-0.03368803,0.13666239,0.99004471,7.859827,-1.392340,4.004811,-0.038016,0.198480,9.801905,-0.051036,0.193735,-0.026556
2026_07_06_15_26_43.855,2.380000,0.99692529,0.06907736,0.01454963,-0.03400926,0.99726337,0.06981949,0.02431126,-0.06579929,0.98814338,-0.13871957,-0.03370833,0.13674028,0.99003327,7.864340,-1.393172,4.005099,-0.037456,0.197746,9.801656,-0.050421,0.193013,-0.026703
2026_07_06_15_26_43.872,2.400000,0.99692231,0.06911744,0.01455862,-0.03401060,0.99726266,0.06982436,0.02432618,-0.06579935,0.98813212,-0.13879974,-0.03372908,0.13681914,0.99002165,7.868910,-1.394027,4.005381,-0.036956,0.197252,9.801579,-0.049888,0.192547,-0.026714
2026_07_06_15_26_43.889,2.420000,0.99691945,0.06915732,0.01456733,-0.03401137,0.99726206,0.06982806,0.02434064,-0.06579831,0.98812097,-0.13887948,-0.03374918,0.13689765,0.99001014,7.873459,-1.394856,4.005595,-0.036889,0.196337,9.801824,-0.049768,0.191678,-0.026361
2026_07_06_15_26_43.910,2.440000,0.99691659,0.06919639,0.01457580,-0.03401159,0.99726152,0.06983062,0.02435475,-0.06579625,0.98811013,-0.13895755,-0.03376867,0.13697456,0.98999882,7.877916,-1.395665,4.005744,-0.036854,0.195002,9.801992,-0.049651,0.190383,-0.026022
2026_07_06_15_26_43.922,2.460000,0.99691379,0.06923479,0.01458400,-0.03401129,0.99726111,0.06983209,0.02436845,-0.06579321,0.98809958,-0.13903427,-0.03378751,0.13705018,0.98998773,7.882298,-1.396450,4.005829,-0.036567,0.194082,9.801775,-0.049296,0.189462,-0.026118
2026_07_06_15_26_43.953,2.480000,0.99691111,0.06927252,0.01459198,-0.03401105,0.99726063,0.06983363,0.02438175,-0.06579033,0.98808914,-0.13910967,-0.03380588,0.13712451,0.98997676,7.886605,-1.397213,4.005919,-0.036297,0.193046,9.801702,-0.048956,0.188445,-0.026055
2026_07_06_15_26_43.972,2.500000,0.99690837,0.06931005,0.01459969,-0.03401085,0.99726021,0.06983520,0.02439453,-0.06578758,0.98807877,-0.13918464,-0.03382370,0.13719843,0.98996592,7.890888,-1.397945,4.006011,-0.035885,0.191854,9.802178,-0.048482,0.187360,-0.025421
2026_07_06_15_26_43.989,2.520000,0.99690562,0.06934758,0.01460716,-0.03401069,0.99725980,0.06983683,0.02440679,-0.06578495,0.98806834,-0.13925959,-0.03384103,0.13727240,0.98995507,7.895175,-1.398648,4.006106,-0.035439,0.191613,9.802484,-0.048031,0.187193,-0.025090
2026_07_06_15_26_44.005,2.540000,0.99690294,0.06938461,0.01461499,-0.03401106,0.99725932,0.06983957,0.02441976,-0.06578335,0.98805803,-0.13933359,-0.03385914,0.13734530,0.98994434,7.899399,-1.399391,4.006264,-0.035105,0.191301,9.802526,-0.047679,0.186912,-0.025012
2026_07_06_15_26_44.022,2.560000,0.99690026,0.06942154,0.01462310,-0.03401141,0.99725878,0.06984228,0.02443330,-0.06578165,0.98804772,-0.13940740,-0.03387780,0.13741800,0.98993361,7.903612,-1.400168,4.006421,-0.034788,0.190277,9.802741,-0.047302,0.185950,-0.024662
2026_07_06_15_26_44.038,2.580000,0.99689752,0.06945890,0.01463099,-0.03401178,0.99725825,0.06984502,0.02444635,-0.06578001,0.98803735,-0.13948207,-0.03389603,0.13749157,0.98992276,7.907875,-1.400915,4.006580,-0.034725,0.189362,9.802782,-0.047181,0.185054,-0.024507
2026_07_06_15_26_44.071,2.600000,0.99689478,0.06949618,0.01463869,-0.03401269,0.99725771,0.06984882,0.02445897,-0.06577949,0.98802686,-0.13955657,-0.03391398,0.13756497,0.98991197,7.912129,-1.401639,4.006800,-0.034587,0.188705,9.802765,-0.046998,0.184410,-0.024444
2026_07_06_15_26_44.088,2.620000,0.99689204,0.06953281,0.01464671,-0.03401407,0.99725705,0.06985356,0.02447218,-0.06577985,0.98801649,-0.13962980,-0.03393256,0.13763703,0.98990130,7.916305,-1.402396,4.007073,-0.034120,0.187819,9.802979,-0.046482,0.183595,-0.024111
2026_07_06_15_26_44.106,2.640000,0.99688935,0.06956933,0.01465550,-0.03401532,0.99725634,0.06985818,0.02448698,-0.06577988,0.98800611,-0.13970287,-0.03395267,0.13770883,0.98989064,7.920467,-1.403244,4.007340,-0.033720,0.186592,9.802921,-0.046001,0.182401,-0.024001
2026_07_06_15_26_44.122,2.660000,0.99688661,0.06960626,0.01466509,-0.03401648,0.99725562,0.06986270,0.02450334,-0.06577957,0.98799568,-0.13977680,-0.03397438,0.13778138,0.98987979,7.924672,-1.404182,4.007602,-0.033739,0.185461,9.802769,-0.045940,0.181259,-0.024009
2026_07_06_15_26_44.144,2.680000,0.99688381,0.06964365,0.01467487,-0.03401809,0.99725485,0.06986818,0.02452000,-0.06578014,0.98798507,-0.13985167,-0.03399657,0.13785483,0.98986882,7.928930,-1.405137,4.007918,-0.033497,0.184829,9.802718,-0.045655,0.180642,-0.023980
2026_07_06_15_26_44.171,2.700000,0.99688095,0.06968146,0.01468420,-0.03401964,0.99725407,0.06987350,0.02453572,-0.06578063,0.98797435,-0.13992734,-0.03401788,0.13792913,0.98985773,7.933237,-1.406038,4.008225,-0.032937,0.184429,9.803121,-0.045085,0.180340,-0.023526
2026_07_06_15_26_44.188,2.720000,0.99687809,0.06971968,0.01469316,-0.03402114,0.99725336,0.06987866,0.02455070,-0.06578105,0.98796344,-0.14000380,-0.03403847,0.13800427,0.98984653,7.937592,-1.406897,4.008523,-0.032692,0.183974,9.803171,-0.044812,0.179913,-0.023419
2026_07_06_15_26_44.205,2.740000,0.99687517,0.06975825,0.01470183,-0.03402312,0.99725258,0.06988475,0.02456500,-0.06578246,0.98795241,-0.14008094,-0.03405857,0.13808013,0.98983526,7.941989,-1.407716,4.008874,-0.032522,0.183440,9.803215,-0.044609,0.179401,-0.023314
2026_07_06_15_26_44.221,2.760000,0.99687225,0.06979713,0.01471023,-0.03402502,0.99725181,0.06989066,0.02457874,-0.06578374,0.98794132,-0.14015867,-0.03407813,0.13815661,0.98982394,7.946421,-1.408503,4.009215,-0.032604,0.182984,9.803759,-0.044680,0.179018,-0.022728
2026_07_06_15_26_44.238,2.780000,0.99686939,0.06983585,0.01471837,-0.03402685,0.99725109,0.06989639,0.02459201,-0.06578491,0.98793024,-0.14023608,-0.03409718,0.13823280,0.98981267,7.950837,-1.409264,4.009546,-0.032591,0.182733,9.803725,-0.044650,0.178765,-0.022741
2026_07_06_15_26_44.270,2.800000,0.99686646,0.06987486,0.01472681,-0.03402857,0.99725038,0.06990195,0.02460585,-0.06578582,0.98791909,-0.14031407,-0.03411682,0.13830954,0.98980123,7.955286,-1.410058,4.009867,-0.032653,0.182028,9.803699,-0.044664,0.178058,-0.022683
2026_07_06_15_26_44.287,2.820000,0.99686354,0.06991413,0.01473562,-0.03403020,0.99724960,0.06990740,0.02462042,-0.06578648,0.98790795,-0.14039260,-0.03413719,0.13838679,0.98978972,7.959763,-1.410893,4.010181,-0.033168,0.181324,9.803840,-0.045137,0.177343,-0.022473
2026_07_06_15_26_44.303,2.840000,0.99686062,0.06995306,0.01474425,-0.03403231,0.99724883,0.06991374,0.02463459,-0.06578812,0.98789674,-0.14047047,-0.03415724,0.13846335,0.98977834,7.964200,-1.411705,4.010548,-0.033414,0.180517,9.803950,-0.045333,0.176543,-0.022270
2026_07_06_15_26_44.320,2.860000,0.99685764,0.06999273,0.01475308,-0.03403430,0.99724805,0.06991992,0.02464913,-0.06578948,0.98788536,-0.14054979,-0.03417775,0.13854136,0.98976672,7.968722,-1.412538,4.010903,-0.033243,0.179456,9.803652,-0.045082,0.175464,-0.022428
2026_07_06_15_26_44.343,2.880000,0.99685460,0.07003310,0.01476214,-0.03403619,0.99724722,0.06992594,0.02466409,-0.06579059,0.98787379,-0.14063053,-0.03419873,0.13862075,0.98975492,7.973323,-1.413396,4.011251,-0.033209,0.178526,9.803392,-0.044979,0.174509,-0.022569
2026_07_06_15_26_44.370,2.900000,0.99685162,0.07007303,0.01477143,-0.03403797,0.99724644,0.06993176,0.02467957,-0.06579144,0.98786235,-0.14071040,-0.03422014,0.13869925,0.98974317,7.977874,-1.414283,4.011587,-0.033171,0.177648,9.803759,-0.044896,0.173693,-0.022096
2026_07_06_15_26_44.386,2.920000,0.99684864,0.07011263,0.01478094,-0.03403911,0.99724573,0.06993634,0.02469558,-0.06579101,0.98785114,-0.14078963,-0.03424187,0.13877711,0.98973149,7.982388,-1.415201,4.011851,-0.033278,0.177202,9.803987,-0.044981,0.173275,-0.021825
2026_07_06_15_26_44.403,2.940000,0.99684566,0.07015245,0.01479013,-0.03403969,0.99724507,0.06993977,0.02471101,-0.06578951,0.98783988,-0.14086924,-0.03426288,0.13885544,0.98971975,7.986929,-1.416085,4.012051,-0.033468,0.176796,9.804000,-0.045144,0.172861,-0.021773
2026_07_06_15_26_44.430,2.960000,0.99684274,0.07019193,0.01479895,-0.03404028,0.99724448,0.06994315,0.02472574,-0.06578808,0.98782873,-0.14094816,-0.03428315,0.13893311,0.98970819,7.991431,-1.416929,4.012246,-0.033070,0.176208,9.803616,-0.044695,0.172252,-0.022077
2026_07_06_15_26_44.438,2.980000,0.99683976,0.07023059,0.01480748,-0.03404139,0.99724382,0.06994749,0.02473988,-0.06578774,0.98781770,-0.14102542,-0.03430287,0.13900915,0.98969680,7.995839,-1.417740,4.012497,-0.032674,0.175860,9.803287,-0.044266,0.171889,-0.022356
2026_07_06_15_26_44.469,3.000000,0.99683696,0.07026847,0.01481577,-0.03404298,0.99724317,0.06995277,0.02475351,-0.06578845,0.98780686,-0.14110118,-0.03432211,0.13908368,0.98968565,8.000159,-1.418521,4.012802,-0.032439,0.175717,9.803677,-0.044036,0.171816,-0.021957
2026_07_06_15_26_44.487,3.020000,0.99683410,0.07030611,0.01482436,-0.03404501,0.99724233,0.06995894,0.02476770,-0.06578997,0.98779595,-0.14117646,-0.03434199,0.13915768,0.98967457,8.004449,-1.419335,4.013158,-0.032356,0.175204,9.803729,-0.043922,0.171321,-0.021846
2026_07_06_15_26_44.503,3.040000,0.99683130,0.07034346,0.01483319,-0.03404691,0.99724156,0.06996489,0.02478241,-0.06579123,0.98778522,-0.14125118,-0.03436232,0.13923109,0.98966354,8.008705,-1.420178,4.013501,-0.032212,0.174263,9.803506,-0.043708,0.170369,-0.021944
2026_07_06_15_26_44.520,3.060000,0.99682856,0.07037943,0.01484175,-0.03404872,0.99724084,0.06997059,0.02479670,-0.06579237,0.98777485,-0.14132313,-0.03438202,0.13930176,0.98965293,8.012802,-1.420996,4.013829,-0.032124,0.173328,9.803563,-0.043561,0.169458,-0.021766
2026_07_06_15_26_44.537,3.080000,0.99682587,0.07041457,0.01485013,-0.03405099,0.99724001,0.06997715,0.02481062,-0.06579448,0.98776466,-0.14139345,-0.03440136,0.13937080,0.98964250,8.016806,-1.421794,4.014208,-0.032322,0.172384,9.804043,-0.043714,0.168576,-0.021174
2026_07_06_15_26_44.564,3.100000,0.99682313,0.07045001,0.01485877,-0.03405365,0.99723911,0.06998454,0.02482498,-0.06579734,0.98775429,-0.14146440,-0.03442130,0.13944040,0.98963201,8.020841,-1.422617,4.014634,-0.032190,0.171475,9.804581,-0.043541,0.167761,-0.020523
2026_07_06_15_26_44.587,3.120000,0.99682039,0.07048523,0.01486770,-0.03405669,0.99723816,0.06999271,0.02483986,-0.06580089,0.98774397,-0.14153492,-0.03444183,0.13950956,0.98962158,8.024851,-1.423470,4.015105,-0.032121,0.170650,9.804646,-0.043421,0.166959,-0.020354
2026_07_06_15_26_44.604,3.140000,0.99681771,0.07051977,0.01487644,-0.03406010,0.99723721,0.07000159,0.02485438,-0.06580526,0.98773372,-0.14160410,-0.03446202,0.13957733,0.98961133,8.028780,-1.424302,4.015617,-0.032377,0.170038,9.804379,-0.043628,0.166297,-0.020550
2026_07_06_15_26_44.621,3.160000,0.99681509,0.07055355,0.01488495,-0.03406334,0.99723625,0.07001007,0.02486850,-0.06580933,0.98772377,-0.14167175,-0.03448166,0.13964361,0.98960125,8.032623,-1.425112,4.016106,-0.032488,0.168983,9.804274,-0.043666,0.165231,-0.020519
2026_07_06_15_26_44.638,3.180000,0.99681252,0.07058710,0.01489361,-0.03406585,0.99723542,0.07001713,0.02488306,-0.06581195,0.98771393,-0.14173894,-0.03450150,0.13970949,0.98959130,8.036444,-1.425946,4.016512,-0.032139,0.167500,9.803978,-0.043210,0.163747,-0.020605
2026_07_06_15_26_44.664,3.200000,0.99680996,0.07062057,0.01490299,-0.03406817,0.99723452,0.07002391,0.02489908,-0.06581408,0.98770416,-0.14180602,-0.03452273,0.13977514,0.98958129,8.040251,-1.426865,4.016903,-0.031733,0.166626,9.803357,-0.042727,0.162824,-0.021097
2026_07_06_15_26_44.686,3.220000,0.99680740,0.07065336,0.01491258,-0.03407088,0.99723357,0.07003145,0.02491550,-0.06581695,0.98769456,-0.14187175,-0.03454439,0.13983941,0.98957145,8.043979,-1.427806,4.017338,-0.031487,0.165794,9.803595,-0.042436,0.162051,-0.020749
2026_07_06_15_26_44.704,3.240000,0.99680483,0.07068593,0.01492177,-0.03407345,0.99723268,0.07003867,0.02493115,-0.06581963,0.98768502,-0.14193702,-0.03456520,0.13990328,0.98956168,8.047683,-1.428703,4.017755,-0.031220,0.164752,9.804329,-0.042127,0.161141,-0.019879
2026_07_06_15_26_44.721,3.260000,0.99680227,0.07071948,0.01493058,-0.03407539,0.99723190,0.07004461,0.02494609,-0.06582108,0.98767525,-0.14200421,-0.03458526,0.13996916,0.98955166,8.051502,-1.429559,4.018097,-0.031363,0.164065,9.804234,-0.042221,0.160438,-0.019891
2026_07_06_15_26_44.737,3.280000,0.99679965,0.07075398,0.01493911,-0.03407727,0.99723113,0.07005043,0.02496039,-0.06582242,0.98766524,-0.14207326,-0.03460480,0.14003693,0.98954141,8.055432,-1.430379,4.018434,-0.031548,0.163546,9.803932,-0.042362,0.159869,-0.020132
2026_07_06_15_26_44.765,3.300000,0.99679703,0.07078827,0.01494732,-0.03407960,0.99723029,0.07005708,0.02497403,-0.06582470,0.98765522,-0.14214186,-0.03462377,0.14010428,0.98953122,8.059338,-1.431160,4.018817,-0.031196,0.162980,9.804114,-0.041981,0.159359,-0.019875
2026_07_06_15_26_44.786,3.320000,0.99679446,0.07082176,0.01495522,-0.03408182,0.99722952,0.07006344,0.02498709,-0.06582682,0.98764539,-0.14220889,-0.03464203,0.14017008,0.98952127,8.063153,-1.431909,4.019184,-0.030850,0.162142,9.804335,-0.041588,0.158585,-0.019541
2026_07_06_15_26_44.803,3.340000,0.99679184,0.07085562,0.01496333,-0.03408391,0.99722880,0.07006959,0.02500058,-0.06582864,0.98763555,-0.14227663,-0.03466073,0.14023660,0.98951113,8.067011,-1.432683,4.019538,-0.030596,0.161487,9.804389,-0.041294,0.157962,-0.019398
2026_07_06_15_26_44.821,3.360000,0.99678922,0.07088992,0.01497158,-0.03408587,0.99722803,0.07007553,0.02501433,-0.06583019,0.98762554,-0.14234525,-0.03467971,0.14030397,0.98950094,8.070917,-1.433471,4.019881,-0.030022,0.161266,9.804346,-0.040705,0.157776,-0.019406
2026_07_06_15_26_44.836,3.380000,0.99678665,0.07092341,0.01497946,-0.03408774,0.99722731,0.07008119,0.02502741,-0.06583162,0.98761576,-0.14241226,-0.03469789,0.14036979,0.98949099,8.074734,-1.434221,4.020208,-0.029526,0.160545,9.804780,-0.040179,0.157159,-0.018873
2026_07_06_15_26_44.861,3.400000,0.99678409,0.07095656,0.01498768,-0.03409003,0.99722648,0.07008774,0.02504114,-0.06583384,0.98760605,-0.14247860,-0.03471678,0.14043488,0.98948109,8.078508,-1.435007,4.020586,-0.029755,0.159366,9.805441,-0.040353,0.156069,-0.018068
2026_07_06_15_26_44.885,3.420000,0.99678153,0.07098944,0.01499616,-0.03409218,0.99722570,0.07009405,0.02505542,-0.06583577,0.98759645,-0.14254442,-0.03473616,0.14049941,0.98947126,8.082251,-1.435826,4.020949,-0.029866,0.158374,9.805809,-0.040411,0.155132,-0.017576
2026_07_06_15_26_44.903,3.440000,0.99677902,0.07102213,0.01500472,-0.03409367,0.99722499,0.07009904,0.02506997,-0.06583637,0.98758698,-0.14260986,-0.03475560,0.14056361,0.98946142,8.085975,-1.436660,4.021238,-0.029294,0.157633,9.805929,-0.039797,0.154456,-0.017347
2026_07_06_15_26_44.920,3.460000,0.99677652,0.07105473,0.01501343,-0.03409453,0.99722433,0.07010280,0.02508491,-0.06583571,0.98757756,-0.14267513,-0.03477523,0.14062762,0.98945165,8.089687,-1.437516,4.021456,-0.029075,0.157212,9.805493,-0.039535,0.153993,-0.017725
2026_07_06_15_26_44.936,3.480000,0.99677408,0.07108720,0.01502178,-0.03409485,0.99722379,0.07010544,0.02509923,-0.06583401,0.98756832,-0.14274009,-0.03479406,0.14069141,0.98944193,8.093387,-1.438337,4.021608,-0.029061,0.156589,9.805033,-0.039464,0.153313,-0.018103
2026_07_06_15_26_44.954,3.500000,0.99677163,0.07111941,0.01502970,-0.03409518,0.99722326,0.07010803,0.02511271,-0.06583241,0.98755908,-0.14280452,-0.03481203,0.14075474,0.98943228,8.097059,-1.439109,4.021759,-0.028427,0.155621,9.805046,-0.038768,0.152403,-0.017945
2026_07_06_15_26_44.969,3.520000,0.99676919,0.07115141,0.01503727,-0.03409605,0.99722266,0.07011164,0.02512542,-0.06583195,0.98754984,-0.14286849,-0.03482935,0.14081764,0.98942274,8.100707,-1.439838,4.021967,-0.027906,0.154827,9.805113,-0.038200,0.151663,-0.017763
2026_07_06_15_26_45.003,3.540000,0.99676681,0.07118315,0.01504454,-0.03409691,0.99722213,0.07011517,0.02513754,-0.06583150,0.98754072,-0.14293195,-0.03484604,0.14088006,0.98941326,8.104326,-1.440533,4.022171,-0.027708,0.153750,9.805080,-0.037930,0.150607,-0.017646
2026_07_06_15_26_45.021,3.560000,0.99676448,0.07121413,0.01505154,-0.03409775,0.99722159,0.07011861,0.02514919,-0.06583108,0.98753178,-0.14299388,-0.03486215,0.14094098,0.98940402,8.107859,-1.441200,4.022370,-0.027544,0.152645,9.804498,-0.037673,0.149444,-0.018070
2026_07_06_15_26_45.037,3.580000,0.99676216,0.07124510,0.01505838,-0.03409857,0.99722105,0.07012200,0.02516053,-0.06583066,0.98752284,-0.14305580,-0.03487796,0.14100191,0.98939478,8.111391,-1.441851,4.022566,-0.027881,0.152373,9.803657,-0.037962,0.149032,-0.018882
2026_07_06_15_26_45.053,3.600000,0.99675971,0.07127604,0.01506514,-0.03409939,0.99722052,0.07012537,0.02517170,-0.06583023,0.98751390,-0.14311759,-0.03489358,0.14106275,0.98938555,8.114920,-1.442491,4.022761,-0.028544,0.152278,9.803569,-0.038614,0.148878,-0.018981
2026_07_06_15_26_45.070,3.620000,0.99675745,0.07130637,0.01507181,-0.03410073,0.99721998,0.07012975,0.02518267,-0.06583089,0.98750508,-0.14317822,-0.03490907,0.14112240,0.98937649,8.118380,-1.443120,4.023014,-0.028830,0.151837,9.803280,-0.038860,0.148381,-0.019220
2026_07_06_15_26_45.103,3.640000,0.99675518,0.07133603,0.01507831,-0.03410202,0.99721938,0.07013398,0.02519336,-0.06583148,0.98749644,-0.14323752,-0.03492417,0.14118071,0.98936760,8.121760,-1.443732,4.023258,-0.028885,0.150967,9.802972,-0.038847,0.147473,-0.019411
2026_07_06_15_26_45.125,3.660000,0.99675292,0.07136568,0.01508467,-0.03410327,0.99721885,0.07013813,0.02520377,-0.06583202,0.98748779,-0.14329678,-0.03493898,0.14123902,0.98935878,8.125142,-1.444329,4.023497,-0.029115,0.150515,9.802716,-0.039037,0.146974,-0.019615
2026_07_06_15_26_45.137,3.680000,0.99675065,0.07139540,0.01509095,-0.03410502,0.99721825,0.07014325,0.02521395,-0.06583355,0.98747909,-0.14335617,-0.03495371,0.14129746,0.98934990,8.128531,-1.444912,4.023793,-0.029341,0.150479,9.802054,-0.039238,0.146827,-0.020279
2026_07_06_15_26_45.154,3.700000,0.99674845,0.07142454,0.01509711,-0.03410670,0.99721760,0.07014821,0.02522392,-0.06583500,0.98747051,-0.14341441,-0.03496815,0.14135477,0.98934120,8.131854,-1.445484,4.024079,-0.029430,0.149833,9.801678,-0.039271,0.146128,-0.020571
2026_07_06_15_26_45.174,3.720000,0.99674612,0.07145356,0.01510298,-0.03410831,0.99721706,0.07015297,0.02523335,-0.06583633,0.98746204,-0.14347239,-0.03498199,0.14141183,0.98933256,8.135162,-1.446024,4.024353,-0.028859,0.148909,9.801719,-0.038642,0.145261,-0.020391
2026_07_06_15_26_45.187,3.740000,0.99674392,0.07148244,0.01510856,-0.03411037,0.99721640,0.07015861,0.02524215,-0.06583863,0.98745346,-0.14353009,-0.03499532,0.14146866,0.98932397,8.138458,-1.446529,4.024678,-0.028021,0.147931,9.801951,-0.037750,0.144385,-0.020010
2026_07_06_15_26_45.220,3.760000,0.99674177,0.07151127,0.01511391,-0.03411236,0.99721581,0.07016405,0.02525050,-0.06584080,0.98744500,-0.14358768,-0.03500817,0.14152539,0.98931539,8.141747,-1.447008,4.024992,-0.027603,0.147282,9.802132,-0.037298,0.143798,-0.019735
2026_07_06_15_26_45.238,3.780000,0.99673957,0.07154059,0.01511901,-0.03411373,0.99721533,0.07016825,0.02525840,-0.06584176,0.98743641,-0.14364620,-0.03502047,0.14158313,0.98930675,8.145095,-1.447460,4.025234,-0.027303,0.146732,9.802048,-0.036960,0.143263,-0.019742
2026_07_06_15_26_45.266,3.800000,0.99673736,0.07156980,0.01512386,-0.03411452,0.99721491,0.07017125,0.02526590,-0.06584160,0.98742795,-0.14370447,-0.03503218,0.14164069,0.98929805,8.148433,-1.447890,4.025407,-0.026902,0.146048,9.802218,-0.036521,0.142638,-0.019473
2026_07_06_15_26_45.270,3.820000,0.99673510,0.07159889,0.01512857,-0.03411477,0.99721462,0.07017314,0.02527319,-0.06584039,0.98741955,-0.14376247,-0.03504351,0.14169803,0.98928946,8.151756,-1.448308,4.025517,-0.026980,0.145486,9.802860,-0.036584,0.142168,-0.018768
2026_07_06_15_26_45.296,3.840000,0.99673295,0.07162840,0.01513321,-0.03411506,0.99721432,0.07017514,0.02528032,-0.06583928,0.98741108,-0.14382131,-0.03505474,0.14175622,0.98928070,8.155131,-1.448716,4.025632,-0.027274,0.144851,9.803187,-0.036846,0.141565,-0.018369
2026_07_06_15_26_45.320,3.860000,0.99673069,0.07165830,0.01513776,-0.03411591,0.99721390,0.07017824,0.02528717,-0.06583926,0.98740238,-0.14388092,-0.03506592,0.14181517,0.98927188,8.158548,-1.449109,4.025811,-0.027246,0.144140,9.802784,-0.036758,0.140807,-0.018674
2026_07_06_15_26_45.337,3.880000,0.99672842,0.07168867,0.01514222,-0.03411676,0.99721354,0.07018133,0.02529379,-0.06583923,0.98739356,-0.14394146,-0.03507693,0.14187506,0.98926288,8.162021,-1.449489,4.025989,-0.027253,0.143871,9.802289,-0.036730,0.140469,-0.019134
2026_07_06_15_26_45.354,3.900000,0.99672616,0.07171889,0.01514651,-0.03411758,0.99721313,0.07018436,0.02530010,-0.06583919,0.98738480,-0.14400171,-0.03508760,0.14193465,0.98925400,8.165474,-1.449850,4.026164,-0.026903,0.143569,9.802599,-0.036371,0.140238,-0.018785
2026_07_06_15_26_45.370,3.920000,0.99672389,0.07174890,0.01515066,-0.03411840,0.99721277,0.07018732,0.02530614,-0.06583915,0.98737603,-0.14406152,-0.03509797,0.14199387,0.98924512,8.168907,-1.450197,4.026334,-0.026605,0.142900,9.802629,-0.036031,0.139601,-0.018659
2026_07_06_15_26_45.387,3.940000,0.99672168,0.07177869,0.01515476,-0.03411867,0.99721247,0.07018922,0.02531216,-0.06583807,0.98736745,-0.14412089,-0.03510814,0.14205264,0.98923630,8.172316,-1.450542,4.026444,-0.026929,0.142089,9.802741,-0.036305,0.138793,-0.018448
2026_07_06_15_26_45.420,3.960000,0.99671948,0.07180827,0.01515930,-0.03411841,0.99721223,0.07019009,0.02531917,-0.06583584,0.98735899,-0.14417984,-0.03511911,0.14211099,0.98922753,8.175698,-1.450944,4.026495,-0.027066,0.141289,9.803022,-0.036399,0.138033,-0.018066
2026_07_06_15_26_45.437,3.980000,0.99671727,0.07183775,0.01516427,-0.03411816,0.99721199,0.07019106,0.02532704,-0.06583359,0.98735058,-0.14423859,-0.03513093,0.14216909,0.98921877,8.179067,-1.451394,4.026551,-0.027033,0.141024,9.803179,-0.036353,0.137795,-0.017881
2026_07_06_15_26_45.453,4.000000,0.99671513,0.07186654,0.01516919,-0.03411850,0.99721164,0.07019316,0.02533476,-0.06583253,0.98734224,-0.14429604,-0.03514268,0.14222585,0.98921019,8.182358,-1.451837,4.026672,-0.027112,0.140701,9.803534,-0.036423,0.137519,-0.017494
2026_07_06_15_26_45.473,4.020000,0.99671304,0.07189451,0.01517397,-0.03411861,0.99721134,0.07019477,0.02534230,-0.06583107,0.98733419,-0.14435181,-0.03515406,0.14228097,0.98920184,8.185554,-1.452269,4.026766,-0.026974,0.139866,9.803967,-0.036246,0.136765,-0.016951
2026_07_06_15_26_45.486,4.040000,0.99671096,0.07192235,0.01517857,-0.03411874,0.99721104,0.07019640,0.02534950,-0.06582969,0.98732615,-0.14440735,-0.03516509,0.14233585,0.98919356,8.188736,-1.452682,4.026860,-0.026671,0.139154,9.803991,-0.035897,0.136086,-0.016823
2026_07_06_15_26_45.503,4.060000,0.99670887,0.07195016,0.01518311,-0.03411942,0.99721068,0.07019910,0.02535648,-0.06582940,0.98731810,-0.14446281,-0.03517607,0.14239065,0.98918527,8.191915,-1.453082,4.027016,-0.026629,0.138723,9.803307,-0.035803,0.135565,-0.017444
2026_07_06_15_26_45.538,4.080000,0.99670684,0.07197737,0.01518756,-0.03412007,0.99721032,0.07020173,0.02536335,-0.06582909,0.98731017,-0.14451708,-0.03518684,0.14244427,0.98917717,8.195024,-1.453476,4.027168,-0.026626,0.138317,9.803182,-0.035769,0.135145,-0.017517
2026_07_06_15_26_45.553,4.100000,0.99670476,0.07200458,0.01519247,-0.03412067,0.99720997,0.07020433,0.02537112,-0.06582861,0.98730224,-0.14457136,-0.03519850,0.14249787,0.98916906,8.198131,-1.453921,4.027318,-0.026715,0.138027,9.803297,-0.035842,0.134868,-0.017372
2026_07_06_15_26_45.570,4.120000,0.99670267,0.07203174,0.01519775,-0.03412122,0.99720955,0.07020687,0.02537965,-0.06582799,0.98729432,-0.14462560,-0.03521089,0.14255133,0.98916090,8.201232,-1.454410,4.027465,-0.026537,0.137486,9.803243,-0.035628,0.134338,-0.017349
2026_07_06_15_26_45.587,4.140000,0.99670070,0.07205829,0.01520276,-0.03412122,0.99720925,0.07020827,0.02538777,-0.06582633,0.98728669,-0.14467858,-0.03522263,0.14260362,0.98915297,8.204264,-1.454875,4.027546,-0.026055,0.136793,9.803131,-0.035097,0.133671,-0.017355
2026_07_06_15_26_45.616,4.160000,0.99669880,0.07208424,0.01520757,-0.03412071,0.99720901,0.07020859,0.02539561,-0.06582369,0.98727930,-0.14473034,-0.03523387,0.14265476,0.98914516,8.207231,-1.455325,4.027565,-0.025875,0.136051,9.803022,-0.034865,0.132935,-0.017358
2026_07_06_15_26_45.637,4.180000,0.99669689,0.07211007,0.01521224,-0.03412025,0.99720877,0.07020902,0.02540316,-0.06582119,0.98727190,-0.14478186,-0.03524482,0.14270568,0.98913747,8.210183,-1.455758,4.027591,-0.025818,0.134973,9.802903,-0.034733,0.131857,-0.017326
2026_07_06_15_26_45.653,4.200000,0.99669480,0.07213639,0.01521674,-0.03412038,0.99720848,0.07021058,0.02541026,-0.06581984,0.98726428,-0.14483434,-0.03525554,0.14275753,0.98912960,8.213190,-1.456164,4.027681,-0.025486,0.134389,9.802972,-0.034365,0.131312,-0.017172
2026_07_06_15_26_45.670,4.220000,0.99669290,0.07216278,0.01522162,-0.03412049,0.99720818,0.07021218,0.02541810,-0.06581844,0.98725665,-0.14488700,-0.03526701,0.14280951,0.98912168,8.216205,-1.456614,4.027774,-0.025257,0.134254,9.802925,-0.034126,0.131187,-0.017200
2026_07_06_15_26_45.686,4.240000,0.99669093,0.07218866,0.01522689,-0.03412005,0.99720794,0.07021270,0.02542685,-0.06581586,0.98724926,-0.14493865,-0.03527917,0.14286047,0.98911387,8.219160,-1.457115,4.027805,-0.025374,0.134009,9.802665,-0.034217,0.130899,-0.017432
2026_07_06_15_26_45.704,4.260000,0.99668902,0.07221401,0.01523192,-0.03411911,0.99720776,0.07021219,0.02543522,-0.06581236,0.98724204,-0.14498922,-0.03529073,0.14291042,0.98910624,8.222057,-1.457595,4.027777,-0.025096,0.133567,9.802715,-0.033912,0.130489,-0.017319
2026_07_06_15_26_45.721,4.280000,0.99668717,0.07223877,0.01523673,-0.03411824,0.99720758,0.07021178,0.02544319,-0.06580906,0.98723501,-0.14503862,-0.03530183,0.14295922,0.98909879,8.224888,-1.458052,4.027754,-0.024683,0.132785,9.802587,-0.033444,0.129727,-0.017329
2026_07_06_15_26_45.754,4.300000,0.99668539,0.07226349,0.01524139,-0.03411745,0.99720740,0.07021153,0.02545086,-0.06580594,0.98722798,-0.14508791,-0.03531264,0.14300792,0.98909140,8.227712,-1.458492,4.027740,-0.024646,0.131770,9.802288,-0.033329,0.128684,-0.017484
2026_07_06_15_26_45.770,4.320000,0.99668354,0.07228870,0.01524591,-0.03411622,0.99720728,0.07021037,0.02545825,-0.06580193,0.98722088,-0.14513817,-0.03532312,0.14305764,0.98908383,8.230596,-1.458916,4.027674,-0.024901,0.131084,9.802543,-0.033547,0.128024,-0.017145
2026_07_06_15_26_45.787,4.340000,0.99668169,0.07231395,0.01525027,-0.03411456,0.99720722,0.07020833,0.02546541,-0.06579709,0.98721379,-0.14518850,-0.03533325,0.14310746,0.98907626,8.233484,-1.459326,4.027557,-0.024999,0.130978,9.803165,-0.033659,0.128001,-0.016523
2026_07_06_15_26_45.803,4.360000,0.99667984,0.07233929,0.01525500,-0.03411245,0.99720722,0.07020546,0.02547337,-0.06579132,0.98720676,-0.14523900,-0.03534405,0.14315745,0.98906863,8.236383,-1.459782,4.027394,-0.024945,0.130914,9.803210,-0.033602,0.127948,-0.016474
2026_07_06_15_26_45.836,4.380000,0.99667794,0.07236523,0.01526009,-0.03411047,0.99720722,0.07020291,0.02548197,-0.06578571,0.98719949,-0.14529072,-0.03535562,0.14320861,0.98906082,8.239351,-1.460275,4.027248,-0.024827,0.130821,9.803166,-0.033475,0.127856,-0.016508
2026_07_06_15_26_45.853,4.400000,0.99667603,0.07239173,0.01526502,-0.03410918,0.99720711,0.07020172,0.02549011,-0.06578147,0.98719203,-0.14534354,-0.03536700,0.14326084,0.98905283,8.242380,-1.460742,4.027180,-0.024724,0.130839,9.803357,-0.033381,0.127909,-0.016326
2026_07_06_15_26_45.871,4.420000,0.99667400,0.07241871,0.01527025,-0.03410795,0.99720693,0.07020071,0.02549882,-0.06577730,0.98718435,-0.14539738,-0.03537903,0.14331402,0.98904473,8.245464,-1.461241,4.027123,-0.024436,0.130541,9.803251,-0.033070,0.127619,-0.016389
2026_07_06_15_26_45.887,4.440000,0.99667197,0.07244561,0.01527630,-0.03410674,0.99720675,0.07019985,0.02550915,-0.06577305,0.98717672,-0.14545107,-0.03539268,0.14336696,0.98903656,8.248535,-1.461833,4.027075,-0.024049,0.129983,9.802931,-0.032635,0.127048,-0.016621
2026_07_06_15_26_45.903,4.460000,0.99666995,0.07247236,0.01528270,-0.03410612,0.99720645,0.07020023,0.02552011,-0.06576993,0.98716909,-0.14550452,-0.03540711,0.14341958,0.98902839,8.251589,-1.462461,4.027098,-0.024112,0.129420,9.802915,-0.032660,0.126484,-0.016564
2026_07_06_15_26_45.920,4.480000,0.99666792,0.07249901,0.01528884,-0.03410609,0.99720603,0.07020174,0.02553047,-0.06576803,0.98716134,-0.14555776,-0.03542110,0.14347199,0.98902029,8.254628,-1.463055,4.027186,-0.023882,0.129074,9.802952,-0.032409,0.126164,-0.016479
2026_07_06_15_26_45.953,4.500000,0.99666589,0.07252558,0.01529467,-0.03410608,0.99720567,0.07020324,0.02554023,-0.06576622,0.98715365,-0.14561082,-0.03543448,0.14352424,0.98901224,8.257661,-1.463614,4.027273,-0.023537,0.128859,9.803005,-0.032052,0.125983,-0.016393
2026_07_06_15_26_45.972,4.520000,0.99666387,0.07255252,0.01530028,-0.03410611,0.99720538,0.07020480,0.02554951,-0.06576451,0.98714578,-0.14566460,-0.03544745,0.14357728,0.98900408,8.260736,-1.464146,4.027364,-0.023628,0.128235,9.802979,-0.032101,0.125356,-0.016336
2026_07_06_15_26_45.987,4.540000,0.99666178,0.07257928,0.01530626,-0.03410665,0.99720490,0.07020743,0.02555946,-0.06576376,0.98713797,-0.14571808,-0.03546120,0.14362989,0.98899591,8.263789,-1.464716,4.027516,-0.023647,0.127566,9.802886,-0.032072,0.124680,-0.016337
2026_07_06_15_26_46.003,4.560000,0.99665976,0.07260536,0.01531306,-0.03410763,0.99720436,0.07021102,0.02557102,-0.06576379,0.98713028,-0.14577028,-0.03547661,0.14368111,0.98898792,8.266762,-1.465379,4.027724,-0.023290,0.126891,9.802605,-0.031662,0.123997,-0.016516
2026_07_06_15_26_46.028,4.580000,0.99665779,0.07263087,0.01532060,-0.03410849,0.99720377,0.07021447,0.02558414,-0.06576348,0.98712271,-0.14582136,-0.03549345,0.14373112,0.98898005,8.269664,-1.466131,4.027923,-0.023024,0.126375,9.802062,-0.031343,0.123427,-0.016978
2026_07_06_15_26_46.053,4.600000,0.99665576,0.07265628,0.01532838,-0.03410928,0.99720317,0.07021783,0.02559773,-0.06576302,0.98711526,-0.14587228,-0.03551074,0.14378093,0.98897219,8.272554,-1.466910,4.028117,-0.023198,0.125838,9.801923,-0.031477,0.122864,-0.017049
2026_07_06_15_26_46.070,4.620000,0.99665374,0.07268207,0.01533630,-0.03411002,0.99720263,0.07022110,0.02561160,-0.06576240,0.98710763,-0.14592394,-0.03552834,0.14383146,0.98896420,8.275488,-1.467705,4.028306,-0.023101,0.124919,9.801971,-0.031321,0.121970,-0.016870
2026_07_06_15_26_46.087,4.640000,0.99665171,0.07270771,0.01534485,-0.03411065,0.99720198,0.07022426,0.02562673,-0.06576151,0.98710012,-0.14597538,-0.03554716,0.14388168,0.98895627,8.278402,-1.468572,4.028490,-0.022706,0.124177,9.802094,-0.030883,0.121282,-0.016639
2026_07_06_15_26_46.103,4.660000,0.99664968,0.07273326,0.01535402,-0.03411172,0.99720126,0.07022838,0.02564305,-0.06576138,0.98709255,-0.14602667,-0.03556727,0.14393166,0.98894823,8.281305,-1.469508,4.028728,-0.022322,0.123748,9.802252,-0.030478,0.120908,-0.016416
2026_07_06_15_26_46.120,4.680000,0.99664760,0.07275920,0.01536325,-0.03411325,0.99720049,0.07023341,0.02565938,-0.06576214,0.98708475,-0.14607875,-0.03558759,0.14398240,0.98894012,8.284250,-1.470444,4.029019,-0.022091,0.123269,9.802732,-0.030233,0.120518,-0.015872
2026_07_06_15_26_46.153,4.700000,0.99664551,0.07278550,0.01537200,-0.03411472,0.99719977,0.07023828,0.02567476,-0.06576285,0.98707694,-0.14613150,-0.03560699,0.14403386,0.98893195,8.287238,-1.471325,4.029300,-0.022106,0.122808,9.803313,-0.030238,0.120145,-0.015237
2026_07_06_15_26_46.186,4.720000,0.99664342,0.07281210,0.01538085,-0.03411556,0.99719912,0.07024193,0.02569039,-0.06576228,0.98706907,-0.14618485,-0.03562649,0.14408593,0.98892367,8.290261,-1.472221,4.029511,-0.022314,0.122080,9.803646,-0.030410,0.119460,-0.014814
2026_07_06_15_26_46.186,4.740000,0.99664134,0.07283843,0.01539027,-0.03411578,0.99719852,0.07024439,0.02570729,-0.06576038,0.98706138,-0.14623769,-0.03564705,0.14413749,0.98891538,8.293255,-1.473190,4.029655,-0.022269,0.121328,9.804339,-0.030340,0.118820,-0.014024
2026_07_06_15_26_46.203,4.760000,0.99663931,0.07286461,0.01540011,-0.03411539,0.99719793,0.07024572,0.02572510,-0.06575722,0.98705375,-0.14629023,-0.03566832,0.14418872,0.98890716,8.296229,-1.474211,4.029733,-0.021533,0.120968,9.804788,-0.029598,0.118579,-0.013515
2026_07_06_15_26_46.219,4.780000,0.99663711,0.07289129,0.01540980,-0.03411499,0.99719739,0.07024702,0.02574258,-0.06575406,0.98704606,-0.14634374,-0.03568932,0.14424092,0.98889881,8.299260,-1.475213,4.029809,-0.020693,0.121193,9.804721,-0.028772,0.118851,-0.013600
2026_07_06_15_26_46.236,4.800000,0.99663508,0.07291788,0.01541895,-0.03411465,0.99719691,0.07024835,0.02575900,-0.06575108,0.98703837,-0.14639705,-0.03570927,0.14429301,0.98889047,8.302284,-1.476154,4.029888,-0.020497,0.121405,9.804740,-0.028592,0.119076,-0.013615
2026_07_06_15_26_46.270,4.820000,0.99663305,0.07294428,0.01542758,-0.03411382,0.99719650,0.07024863,0.02577446,-0.06574722,0.98703074,-0.14644994,-0.03572809,0.14434476,0.98888224,8.305289,-1.477040,4.029906,-0.020406,0.121057,9.804834,-0.028481,0.118751,-0.013474
2026_07_06_15_26_46.286,4.840000,0.99663103,0.07297098,0.01543564,-0.03411306,0.99719608,0.07024898,0.02578875,-0.06574357,0.98702306,-0.14650339,-0.03574581,0.14439717,0.98887396,8.308331,-1.477859,4.029927,-0.019847,0.120585,9.805016,-0.027898,0.118350,-0.013219
2026_07_06_15_26_46.303,4.860000,0.99662888,0.07299749,0.01544325,-0.03411290,0.99719566,0.07025043,0.02580206,-0.06574116,0.98701537,-0.14655644,-0.03576269,0.14444917,0.98886573,8.311350,-1.478622,4.030012,-0.019424,0.120400,9.805140,-0.027469,0.118214,-0.013063
2026_07_06_15_26_46.320,4.880000,0.99662691,0.07302329,0.01545042,-0.03411328,0.99719512,0.07025291,0.02581448,-0.06573994,0.98700774,-0.14660807,-0.03577873,0.14449982,0.98885775,8.314289,-1.479334,4.030156,-0.018898,0.120233,9.805439,-0.026944,0.118129,-0.012736
2026_07_06_15_26_46.338,4.900000,0.99662495,0.07304898,0.01545716,-0.03411366,0.99719465,0.07025531,0.02582605,-0.06573880,0.98700023,-0.14665946,-0.03579392,0.14455026,0.98884982,8.317217,-1.479997,4.030295,-0.018575,0.120052,9.805152,-0.026599,0.117931,-0.012992
2026_07_06_15_26_46.370,4.920000,0.99662298,0.07307453,0.01546356,-0.03411403,0.99719423,0.07025764,0.02583695,-0.06573767,0.98699272,-0.14671057,-0.03580841,0.14460048,0.98884201,8.320130,-1.480622,4.030430,-0.018573,0.119819,9.804855,-0.026572,0.117657,-0.013258
2026_07_06_15_26_46.390,4.940000,0.99662101,0.07309937,0.01547019,-0.03411489,0.99719369,0.07026094,0.02584828,-0.06573750,0.98698533,-0.14676026,-0.03582339,0.14464921,0.98883432,8.322959,-1.481272,4.030621,-0.018409,0.119275,9.805161,-0.026383,0.117176,-0.012877
2026_07_06_15_26_46.408,4.960000,0.99661905,0.07312397,0.01547704,-0.03411620,0.99719310,0.07026520,0.02586001,-0.06573823,0.98697793,-0.14680952,-0.03583886,0.14469746,0.98882669,8.325759,-1.481944,4.030867,-0.018405,0.118454,9.805622,-0.026342,0.116431,-0.012308
2026_07_06_15_26_46.420,4.980000,0.99661708,0.07314893,0.01548357,-0.03411800,0.99719244,0.07027039,0.02587098,-0.06573996,0.98697037,-0.14685948,-0.03585377,0.14474641,0.98881900,8.328600,-1.482573,4.031166,-0.018415,0.117771,9.805409,-0.026299,0.115725,-0.012424
2026_07_06_15_26_46.437,5.000000,0.99661505,0.07317434,0.01548974,-0.03412025,0.99719173,0.07027642,0.02588117,-0.06574260,0.98696268,-0.14691032,-0.03586807,0.14479627,0.98881119,8.331493,-1.483157,4.031513,-0.018227,0.117768,9.805245,-0.026107,0.115711,-0.012587
2026_07_06_15_26_46.469,5.020000,0.99661303,0.07319959,0.01549559,-0.03412238,0.99719107,0.07028216,0.02589073,-0.06574507,0.98695499,-0.14696081,-0.03588170,0.14484583,0.98880339,8.334370,-1.483704,4.031845,-0.018149,0.117297,9.804847,-0.025984,0.115194,-0.012915
2026_07_06_15_26_46.489,5.040000,0.99661100,0.07322404,0.01550111,-0.03412386,0.99719054,0.07028655,0.02589978,-0.06574633,0.98694760,-0.14700969,-0.03589453,0.14489384,0.98879594,8.337156,-1.484223,4.032097,-0.018096,0.116293,9.804091,-0.025838,0.114096,-0.013520
2026_07_06_15_26_46.504,5.060000,0.99660909,0.07324829,0.01550690,-0.03412525,0.99719000,0.07029077,0.02590939,-0.06574736,0.98694032,-0.14705817,-0.03590786,0.14494146,0.98878843,8.339920,-1.484774,4.032341,-0.018146,0.115485,9.804193,-0.025838,0.113309,-0.013307
2026_07_06_15_26_46.528,5.080000,0.99660712,0.07327297,0.01551347,-0.03412650,0.99718940,0.07029486,0.02592057,-0.06574799,0.98693293,-0.14710759,-0.03592277,0.14498989,0.98878080,8.342731,-1.485415,4.032577,-0.018337,0.115038,9.804045,-0.025994,0.112832,-0.013399
2026_07_06_15_26_46.536,5.100000,0.99660516,0.07329812,0.01552017,-0.03412713,0.99718893,0.07029776,0.02593206,-0.06574736,0.98692542,-0.14715789,-0.03593788,0.14503925,0.98877305,8.345595,-1.486074,4.032744,-0.018255,0.114893,9.803703,-0.025891,0.112645,-0.013720
2026_07_06_15_26_46.570,5.120000,0.99660319,0.07332311,0.01552701,-0.03412771,0.99718845,0.07030056,0.02594384,-0.06574660,0.98691803,-0.14720789,-0.03595323,0.14508829,0.98876524,8.348442,-1.486749,4.032907,-0.017997,0.114554,9.803473,-0.025603,0.112294,-0.013896
2026_07_06_15_26_46.586,5.140000,0.99660128,0.07334734,0.01553405,-0.03412876,0.99718785,0.07030429,0.02595600,-0.06574677,0.98691082,-0.14725643,-0.03596902,0.14513579,0.98875773,8.351200,-1.487446,4.033123,-0.017871,0.113947,9.803523,-0.025439,0.111711,-0.013761
2026_07_06_15_26_46.603,5.160000,0.99659938,0.07337136,0.01554075,-0.03413030,0.99718720,0.07030895,0.02596743,-0.06574798,0.98690355,-0.14730452,-0.03598417,0.14518289,0.98875028,8.353934,-1.488101,4.033392,-0.017844,0.113258,9.803648,-0.025371,0.111049,-0.013540
2026_07_06_15_26_46.619,5.180000,0.99659741,0.07339568,0.01554711,-0.03413230,0.99718654,0.07031450,0.02597810,-0.06575014,0.98689610,-0.14735320,-0.03599875,0.14523056,0.98874271,8.356701,-1.488713,4.033712,-0.017852,0.112527,9.803699,-0.025334,0.110335,-0.013389
2026_07_06_15_26_46.636,5.200000,0.99659544,0.07342029,0.01555372,-0.03413472,0.99718583,0.07032092,0.02598918,-0.06575309,0.98688859,-0.14740250,-0.03601390,0.14527881,0.98873508,8.359502,-1.489348,4.034082,-0.017975,0.111734,9.803679,-0.025404,0.109540,-0.013299
2026_07_06_15_26_46.653,5.220000,0.99659342,0.07344475,0.01556049,-0.03413749,0.99718499,0.07032806,0.02600052,-0.06575672,0.98688102,-0.14745149,-0.03602939,0.14532670,0.98872751,8.362282,-1.489998,4.034494,-0.017607,0.111445,9.803449,-0.025010,0.109246,-0.013480
2026_07_06_15_26_46.686,5.240000,0.99659145,0.07346914,0.01556730,-0.03414006,0.99718422,0.07033482,0.02601200,-0.06575996,0.98687351,-0.14750038,-0.03604496,0.14537449,0.98871988,8.365056,-1.490655,4.034883,-0.017005,0.111609,9.803447,-0.024420,0.109450,-0.013496
2026_07_06_15_26_46.706,5.260000,0.99658948,0.07349390,0.01557415,-0.03414194,0.99718356,0.07034019,0.02602361,-0.06576178,0.98686594,-0.14754996,-0.03606050,0.14542302,0.98871219,8.367874,-1.491321,4.035193,-0.016627,0.111127,9.803301,-0.024007,0.108978,-0.013566
2026_07_06_15_26_46.725,5.280000,0.99658746,0.07351892,0.01558057,-0.03414373,0.99718291,0.07034536,0.02603439,-0.06576349,0.98685837,-0.14760002,-0.03607523,0.14547211,0.98870444,8.370723,-1.491939,4.035491,-0.016529,0.110420,9.803138,-0.023857,0.108262,-0.013626
2026_07_06_15_26_46.741,5.300000,0.99658531,0.07354414,0.01558670,-0.03414597,0.99718219,0.07035136,0.02604448,-0.06576613,0.98685062,-0.14765047,-0.03608942,0.14552157,0.98869663,8.373593,-1.492517,4.035837,-0.016689,0.109583,9.802819,-0.023951,0.107378,-0.013827
2026_07_06_15_26_46.758,5.320000,0.99658334,0.07356962,0.01559254,-0.03414812,0.99718153,0.07035717,0.02605401,-0.06576862,0.98684281,-0.14770143,-0.03610307,0.14557160,0.98868877,8.376497,-1.493064,4.036171,-0.017010,0.108976,9.802377,-0.024215,0.106691,-0.014189
2026_07_06_15_26_46.774,5.340000,0.99658132,0.07359481,0.01559809,-0.03414963,0.99718100,0.07036164,0.02606306,-0.06576990,0.98683524,-0.14775176,-0.03611601,0.14562108,0.98868102,8.379368,-1.493583,4.036430,-0.017298,0.108631,9.802724,-0.024492,0.106381,-0.013809
2026_07_06_15_26_46.803,5.360000,0.99657935,0.07361906,0.01560340,-0.03415160,0.99718040,0.07036697,0.02607163,-0.06577214,0.98682779,-0.14780024,-0.03612846,0.14566872,0.98867351,8.382133,-1.494074,4.036737,-0.017274,0.107692,9.803101,-0.024421,0.105510,-0.013301
2026_07_06_15_26_46.820,5.380000,0.99657744,0.07364287,0.01560843,-0.03415453,0.99717969,0.07037417,0.02607955,-0.06577637,0.98682040,-0.14784785,-0.03614050,0.14571546,0.98866624,8.384847,-1.494527,4.037151,-0.016975,0.106366,9.803537,-0.024052,0.104285,-0.012672
2026_07_06_15_26_46.836,5.400000,0.99657547,0.07366691,0.01561317,-0.03415784,0.99717897,0.07038207,0.02608680,-0.06578138,0.98681283,-0.14789589,-0.03615201,0.14576264,0.98865885,8.387584,-1.494943,4.037606,-0.016736,0.105728,9.804134,-0.023793,0.103758,-0.011987
2026_07_06_15_26_46.854,5.420000,0.99657357,0.07369078,0.01561822,-0.03416093,0.99717820,0.07038961,0.02609473,-0.06578593,0.98680538,-0.14794363,-0.03616411,0.14580949,0.98865145,8.390304,-1.495398,4.038040,-0.016922,0.105661,9.804397,-0.023985,0.103717,-0.011726
2026_07_06_15_26_46.887,5.440000,0.99657166,0.07371392,0.01562362,-0.03416382,0.99717748,0.07039674,0.02610342,-0.06579003,0.98679817,-0.14798993,-0.03617681,0.14585489,0.98864430,8.392938,-1.495896,4.038450,-0.017201,0.105365,9.804342,-0.024242,0.103396,-0.011748
2026_07_06_15_26_46.904,5.460000,0.99656981,0.07373634,0.01562874,-0.03416654,0.99717677,0.07040350,0.02611163,-0.06579387,0.98679119,-0.14803478,-0.03618889,0.14589885,0.98863739,8.395491,-1.496366,4.038840,-0.017158,0.105017,9.804516,-0.024183,0.103081,-0.011529
2026_07_06_15_26_46.920,5.480000,0.99656802,0.07375866,0.01563409,-0.03416855,0.99717617,0.07040887,0.02612041,-0.06579628,0.98678434,-0.14807943,-0.03620132,0.14594266,0.98863047,8.398033,-1.496870,4.039150,-0.017176,0.104714,9.804388,-0.024176,0.102761,-0.011617
2026_07_06_15_26_46.937,5.500000,0.99656618,0.07378145,0.01563964,-0.03416990,0.99717563,0.07041298,0.02612967,-0.06579731,0.98677742,-0.14812502,-0.03621409,0.14598739,0.98862338,8.400629,-1.497401,4.039387,-0.017217,0.104532,9.803956,-0.024190,0.102515,-0.012022
2026_07_06_15_26_46.954,5.520000,0.99656439,0.07380459,0.01564488,-0.03417121,0.99717516,0.07041696,0.02613828,-0.06579830,0.98677039,-0.14817126,-0.03622625,0.14603285,0.98861623,8.403268,-1.497894,4.039616,-0.017190,0.104120,9.804092,-0.024141,0.102130,-0.011831
2026_07_06_15_26_46.970,5.540000,0.99656254,0.07382802,0.01564990,-0.03417248,0.99717462,0.07042082,0.02614644,-0.06579921,0.98676336,-0.14821807,-0.03623798,0.14607888,0.98860902,8.405939,-1.498362,4.039839,-0.017598,0.103540,9.804089,-0.024510,0.101527,-0.011765
2026_07_06_15_26_47.004,5.560000,0.99656063,0.07385119,0.01565463,-0.03417315,0.99717426,0.07042347,0.02615412,-0.06579901,0.98675638,-0.14826432,-0.03624903,0.14612445,0.98860186,8.408584,-1.498802,4.039992,-0.017610,0.102940,9.803706,-0.024468,0.100878,-0.012058
2026_07_06_15_26_47.020,5.580000,0.99655885,0.07387405,0.01565901,-0.03417381,0.99717391,0.07042602,0.02616113,-0.06579884,0.98674953,-0.14830993,-0.03625936,0.14616941,0.98859483,8.411193,-1.499204,4.040139,-0.017068,0.102009,9.803584,-0.023861,0.099979,-0.012033
2026_07_06_15_26_47.037,5.600000,0.99655706,0.07389708,0.01566308,-0.03417446,0.99717355,0.07042851,0.02616752,-0.06579869,0.98674268,-0.14835587,-0.03626909,0.14621475,0.98858780,8.413824,-1.499570,4.040283,-0.016809,0.100886,9.803625,-0.023531,0.098895,-0.011825
2026_07_06_15_26_47.053,5.620000,0.99655533,0.07392036,0.01566688,-0.03417458,0.99717331,0.07042992,0.02617344,-0.06579751,0.98673576,-0.14840227,-0.03627822,0.14626065,0.98858064,8.416488,-1.499909,4.040365,-0.016790,0.100303,9.804046,-0.023489,0.098382,-0.011325
2026_07_06_15_26_47.087,5.640000,0.99655354,0.07394350,0.01567046,-0.03417418,0.99717313,0.07043026,0.02617899,-0.06579534,0.98672897,-0.14844838,-0.03628682,0.14630628,0.98857361,8.419135,-1.500228,4.040385,-0.016863,0.100603,9.804515,-0.023599,0.098741,-0.010913
2026_07_06_15_26_47.103,5.660000,0.99655181,0.07396648,0.01567379,-0.03417329,0.99717301,0.07042959,0.02618413,-0.06579225,0.98672229,-0.14849411,-0.03629484,0.14635162,0.98856658,8.421765,-1.500522,4.040347,-0.016694,0.100588,9.804636,-0.023434,0.098755,-0.010791
2026_07_06_15_26_47.121,5.680000,0.99655014,0.07398918,0.01567737,-0.03417192,0.99717301,0.07042797,0.02618987,-0.06578815,0.98671579,-0.14853930,-0.03630328,0.14639640,0.98855966,8.424363,-1.500851,4.040254,-0.016378,0.099952,9.805050,-0.023090,0.098210,-0.010284
2026_07_06_15_26_47.138,5.700000,0.99654847,0.07401166,0.01568127,-0.03417008,0.99717301,0.07042547,0.02619633,-0.06578309,0.98670936,-0.14858408,-0.03631227,0.14644076,0.98855275,8.426937,-1.501221,4.040112,-0.016455,0.099543,9.805208,-0.023146,0.097824,-0.010074
2026_07_06_15_26_47.153,5.720000,0.99654680,0.07403447,0.01568500,-0.03416786,0.99717307,0.07042221,0.02620247,-0.06577729,0.98670292,-0.14862949,-0.03632087,0.14648581,0.98854578,8.429550,-1.501573,4.039925,-0.016865,0.099201,9.805016,-0.023525,0.097429,-0.010229
2026_07_06_15_26_47.170,5.740000,0.99654514,0.07405710,0.01568917,-0.03416525,0.99717319,0.07041822,0.02620958,-0.06577063,0.98669654,-0.14867453,-0.03633030,0.14653043,0.98853880,8.432141,-1.501981,4.039696,-0.017597,0.098926,9.804734,-0.024226,0.097064,-0.010489
2026_07_06_15_26_47.187,5.760000,0.99654347,0.07407954,0.01569377,-0.03416279,0.99717319,0.07041458,0.02621752,-0.06576423,0.98669028,-0.14871924,-0.03634057,0.14657466,0.98853183,8.434708,-1.502436,4.039488,-0.018044,0.098601,9.804245,-0.024632,0.096640,-0.010941
2026_07_06_15_26_47.220,5.780000,0.99654180,0.07410170,0.01569805,-0.03416102,0.99717319,0.07041227,0.02622476,-0.06575926,0.98668391,-0.14876342,-0.03635032,0.14661837,0.98852503,8.437243,-1.502851,4.039356,-0.017464,0.098073,9.804456,-0.024026,0.096190,-0.010644
2026_07_06_15_26_47.237,5.800000,0.99654019,0.07412365,0.01570195,-0.03415937,0.99717319,0.07041015,0.02623121,-0.06575461,0.98667765,-0.14880712,-0.03635928,0.14666165,0.98851824,8.439756,-1.503221,4.039235,-0.016611,0.097741,9.804671,-0.023161,0.095955,-0.010362
2026_07_06_15_26_47.254,5.820000,0.99653852,0.07414648,0.01570556,-0.03415734,0.99717325,0.07040723,0.02623710,-0.06574919,0.98667115,-0.14885256,-0.03636768,0.14670673,0.98851126,8.442371,-1.503558,4.039068,-0.016568,0.097293,9.804036,-0.023065,0.095422,-0.010927
2026_07_06_15_26_47.270,5.840000,0.99653679,0.07417017,0.01570894,-0.03415494,0.99717331,0.07040359,0.02624252,-0.06574304,0.98666447,-0.14889969,-0.03637563,0.14675353,0.98850405,8.445087,-1.503869,4.038859,-0.016694,0.097088,9.803393,-0.023153,0.095116,-0.011540
2026_07_06_15_26_47.286,5.860000,0.99653506,0.07419368,0.01571213,-0.03415271,0.99717343,0.07040023,0.02624754,-0.06573727,0.98665780,-0.14894643,-0.03638320,0.14679998,0.98849684,8.447782,-1.504157,4.038666,-0.016548,0.097363,9.803430,-0.023027,0.095402,-0.011546
2026_07_06_15_26_47.322,5.880000,0.99653339,0.07421642,0.01571522,-0.03415117,0.99717349,0.07039821,0.02625234,-0.06573290,0.98665124,-0.14899167,-0.03639065,0.14684489,0.98848993,8.450388,-1.504432,4.038551,-0.016633,0.097381,9.803466,-0.023113,0.095419,-0.011519
2026_07_06_15_26_47.337,5.900000,0.99653172,0.07423841,0.01571881,-0.03415022,0.99717337,0.07039744,0.02625806,-0.06572969,0.98664486,-0.14903547,-0.03639910,0.14688827,0.98848313,8.452905,-1.504760,4.038507,-0.016845,0.097134,9.803226,-0.023300,0.095124,-0.011729
2026_07_06_15_26_47.354,5.920000,0.99653006,0.07426015,0.01572329,-0.03414981,0.99717313,0.07039786,0.02626552,-0.06572741,0.98663843,-0.14907885,-0.03640940,0.14693105,0.98847640,8.455388,-1.505187,4.038532,-0.016766,0.096471,9.803385,-0.023183,0.094499,-0.011477
2026_07_06_15_26_47.371,5.940000,0.99652833,0.07428207,0.01572802,-0.03414995,0.99717283,0.07039941,0.02627338,-0.06572617,0.98663193,-0.14912261,-0.03642030,0.14697416,0.98846960,8.457891,-1.505638,4.038622,-0.016482,0.095440,9.803954,-0.022852,0.093585,-0.010756
2026_07_06_15_26_47.395,5.960000,0.99652660,0.07430361,0.01573249,-0.03415063,0.99717247,0.07040199,0.02628065,-0.06572606,0.98662543,-0.14916560,-0.03643071,0.14701650,0.98846292,8.460347,-1.506055,4.038771,-0.016241,0.094360,9.803903,-0.022540,0.092529,-0.010644
2026_07_06_15_26_47.420,5.980000,0.99652493,0.07432488,0.01573672,-0.03415130,0.99717212,0.07040451,0.02628748,-0.06572599,0.98661900,-0.14920807,-0.03644064,0.14705834,0.98845631,8.462776,-1.506446,4.038917,-0.016284,0.093634,9.803334,-0.022514,0.091725,-0.011104
2026_07_06_15_26_47.437,6.000000,0.99652332,0.07434592,0.01574070,-0.03415143,0.99717182,0.07040590,0.02629391,-0.06572488,0.98661274,-0.14925002,-0.03644998,0.14709975,0.98844981,8.465179,-1.506815,4.038997,-0.016403,0.093161,9.803533,-0.022608,0.091279,-0.010844
2026_07_06_15_26_47.454,6.020000,0.99652165,0.07436634,0.01574479,-0.03415090,0.99717164,0.07040598,0.02630070,-0.06572246,0.98660672,-0.14929074,-0.03645941,0.14713994,0.98844349,8.467512,-1.507204,4.039003,-0.016195,0.092505,9.803680,-0.022363,0.090668,-0.010599
2026_07_06_15_26_47.473,6.040000,0.99652010,0.07438712,0.01574968,-0.03414983,0.99717146,0.07040513,0.02630914,-0.06571884,0.98660070,-0.14933221,-0.03647037,0.14718081,0.98843700,8.469885,-1.507688,4.038955,-0.016287,0.091930,9.803474,-0.022410,0.090063,-0.010722
2026_07_06_15_26_47.488,6.060000,0.99651855,0.07440769,0.01575540,-0.03414824,0.99717134,0.07040336,0.02631931,-0.06571407,0.98659480,-0.14937332,-0.03648287,0.14722124,0.98843050,8.472233,-1.508270,4.038854,-0.016668,0.091476,9.803519,-0.022761,0.089595,-0.010624
2026_07_06_15_26_47.521,6.080000,0.99651700,0.07442801,0.01576135,-0.03414673,0.99717116,0.07040177,0.02632996,-0.06570943,0.98658895,-0.14941396,-0.03649585,0.14726116,0.98842412,8.474550,-1.508881,4.038764,-0.016855,0.090958,9.803968,-0.022929,0.089136,-0.010112
2026_07_06_15_26_47.537,6.100000,0.99651545,0.07444809,0.01576706,-0.03414587,0.99717093,0.07040144,0.02634004,-0.06570613,0.98658311,-0.14945410,-0.03650842,0.14730059,0.98841774,8.476840,-1.509459,4.038746,-0.017131,0.090575,9.804624,-0.023202,0.088835,-0.009418
2026_07_06_15_26_47.554,6.120000,0.99651390,0.07446790,0.01577253,-0.03414509,0.99717069,0.07040121,0.02634967,-0.06570303,0.98657727,-0.14949371,-0.03652052,0.14733948,0.98841155,8.479098,-1.510011,4.038734,-0.017576,0.089929,9.804690,-0.023606,0.088176,-0.009272
2026_07_06_15_26_47.571,6.140000,0.99651235,0.07448798,0.01577772,-0.03414439,0.99717045,0.07040112,0.02635869,-0.06570012,0.98657143,-0.14953382,-0.03653208,0.14737894,0.98840523,8.481390,-1.510528,4.038730,-0.017708,0.089221,9.804494,-0.023684,0.087439,-0.009368
2026_07_06_15_26_47.601,6.160000,0.99651074,0.07450832,0.01578259,-0.03414429,0.99717015,0.07040218,0.02636698,-0.06569844,0.98656535,-0.14957446,-0.03654312,0.14741892,0.98839885,8.483711,-1.511003,4.038792,-0.017458,0.088654,9.804498,-0.023397,0.086897,-0.009275
2026_07_06_15_26_47.603,6.180000,0.99650913,0.07452890,0.01578718,-0.03414423,0.99716985,0.07040327,0.02637467,-0.06569687,0.98655921,-0.14961556,-0.03655360,0.14745939,0.98839241,8.486061,-1.511444,4.038855,-0.017433,0.088024,9.804649,-0.023336,0.086300,-0.009034
2026_07_06_15_26_47.636,6.200000,0.99650753,0.07454930,0.01579152,-0.03414419,0.99716961,0.07040438,0.02638188,-0.06569539,0.98655313,-0.14965627,-0.03656358,0.14749950,0.98838603,8.488389,-1.511857,4.038919,-0.017414,0.088020,9.804371,-0.023307,0.086255,-0.009312
2026_07_06_15_26_47.654,6.220000,0.99650592,0.07456954,0.01579556,-0.03414470,0.99716926,0.07040651,0.02638844,-0.06569505,0.98654705,-0.14969663,-0.03657305,0.14753930,0.98837978,8.490700,-1.512233,4.039042,-0.016871,0.088019,9.803705,-0.022741,0.086193,-0.009959
2026_07_06_15_26_47.671,6.240000,0.99650431,0.07459005,0.01579938,-0.03414573,0.99716890,0.07040969,0.02639444,-0.06569578,0.98654079,-0.14973758,-0.03658216,0.14757966,0.98837340,8.493042,-1.512577,4.039225,-0.016712,0.087522,9.803323,-0.022536,0.085658,-0.010263
2026_07_06_15_26_47.687,6.260000,0.99650270,0.07461020,0.01580305,-0.03414725,0.99716848,0.07041380,0.02640009,-0.06569752,0.98653460,-0.14977780,-0.03659102,0.14761928,0.98836714,8.495342,-1.512901,4.039462,-0.016819,0.086708,9.803071,-0.022580,0.084809,-0.010396
2026_07_06_15_26_47.704,6.280000,0.99650115,0.07462949,0.01580648,-0.03414922,0.99716794,0.07041873,0.02640527,-0.06570022,0.98652852,-0.14981629,-0.03659943,0.14765717,0.98836118,8.497541,-1.513198,4.039746,-0.016368,0.085945,9.803123,-0.022083,0.084096,-0.010222
2026_07_06_15_26_47.736,6.300000,0.99649960,0.07464796,0.01581027,-0.03415157,0.99716741,0.07042446,0.02641117,-0.06570364,0.98652267,-0.14985321,-0.03660855,0.14769344,0.98835546,8.499646,-1.513536,4.040076,-0.016198,0.085221,9.803299,-0.021872,0.083419,-0.009938
2026_07_06_15_26_47.754,6.320000,0.99649817,0.07466557,0.01581439,-0.03415375,0.99716687,0.07042988,0.02641780,-0.06570672,0.98651713,-0.14988846,-0.03661823,0.14772797,0.98834991,8.501651,-1.513916,4.040389,-0.016145,0.083872,9.803096,-0.021723,0.082062,-0.009938
2026_07_06_15_26_47.771,6.340000,0.99649674,0.07468285,0.01581823,-0.03415582,0.99716634,0.07043503,0.02642391,-0.06570964,0.98651171,-0.14992300,-0.03662733,0.14776185,0.98834449,8.503619,-1.514266,4.040685,-0.015967,0.082573,9.803171,-0.021464,0.080803,-0.009667
2026_07_06_15_26_47.787,6.360000,0.99649531,0.07469992,0.01582189,-0.03415779,0.99716580,0.07043995,0.02642970,-0.06571238,0.98650634,-0.14995714,-0.03663604,0.14779536,0.98833919,8.505565,-1.514598,4.040968,-0.016211,0.081866,9.803332,-0.021667,0.080112,-0.009412
2026_07_06_15_26_47.803,6.380000,0.99649394,0.07471690,0.01582535,-0.03415914,0.99716544,0.07044359,0.02643520,-0.06571390,0.98650110,-0.14999102,-0.03664426,0.14782871,0.98833388,8.507501,-1.514913,4.041178,-0.016470,0.081596,9.803578,-0.021916,0.079863,-0.009137
2026_07_06_15_26_47.837,6.400000,0.99649256,0.07473373,0.01582862,-0.03416042,0.99716502,0.07044708,0.02644033,-0.06571535,0.98649585,-0.15002464,-0.03665207,0.14786179,0.98832864,8.509421,-1.515207,4.041379,-0.016487,0.081289,9.804340,-0.021941,0.079671,-0.008342
2026_07_06_15_26_47.854,6.420000,0.99649125,0.07474998,0.01583170,-0.03416164,0.99716467,0.07045040,0.02644513,-0.06571671,0.98649085,-0.15005709,-0.03665946,0.14789374,0.98832357,8.511275,-1.515483,4.041570,-0.016364,0.081330,9.804954,-0.021844,0.079811,-0.007740
2026_07_06_15_26_47.872,6.440000,0.99648994,0.07476629,0.01583510,-0.03416276,0.99716431,0.07045356,0.02645059,-0.06571784,0.98648584,-0.15008967,-0.03666748,0.14792578,0.98831850,8.513135,-1.515796,4.041753,-0.016170,0.081658,9.805243,-0.021683,0.080191,-0.007502
2026_07_06_15_26_47.887,6.460000,0.99648863,0.07478257,0.01583829,-0.03416384,0.99716395,0.07045660,0.02645563,-0.06571890,0.98648077,-0.15012217,-0.03667507,0.14795777,0.98831344,8.514993,-1.516084,4.041928,-0.016059,0.081519,9.805180,-0.021561,0.080052,-0.007544
2026_07_06_15_26_47.908,6.480000,0.99648732,0.07479881,0.01584077,-0.03416491,0.99716365,0.07045953,0.02645927,-0.06572005,0.98647577,-0.15015453,-0.03668125,0.14798975,0.98830843,8.516849,-1.516293,4.042097,-0.016068,0.081409,9.804707,-0.021545,0.079872,-0.007998
2026_07_06_15_26_47.937,6.500000,0.99648601,0.07481553,0.01584310,-0.03416647,0.99716330,0.07046343,0.02646250,-0.06572220,0.98647058,-0.15018786,-0.03668723,0.14802267,0.98830324,8.518760,-1.516478,4.042321,-0.015882,0.081180,9.804815,-0.021349,0.079675,-0.007854
2026_07_06_15_26_47.954,6.520000,0.99648464,0.07483219,0.01584534,-0.03416849,0.99716288,0.07046822,0.02646547,-0.06572526,0.98646533,-0.15022106,-0.03669308,0.14805542,0.98829812,8.520660,-1.516649,4.042597,-0.015890,0.081189,9.805202,-0.021372,0.079741,-0.007476
2026_07_06_15_26_47.972,6.540000,0.99648333,0.07484825,0.01584801,-0.03417088,0.99716240,0.07047381,0.02646930,-0.06572903,0.98646021,-0.15025315,-0.03669982,0.14808699,0.98829317,8.522492,-1.516868,4.042919,-0.015759,0.081141,9.805826,-0.021262,0.079794,-0.006851
2026_07_06_15_26_47.987,6.560000,0.99648201,0.07486415,0.01585099,-0.03417363,0.99716181,0.07048015,0.02647368,-0.06573348,0.98645502,-0.15028493,-0.03670720,0.14811818,0.98828822,8.524302,-1.517119,4.043283,-0.015205,0.080320,9.806225,-0.020670,0.079083,-0.006321
2026_07_06_15_26_48.011,6.580000,0.99648064,0.07488044,0.01585372,-0.03417624,0.99716127,0.07048620,0.02647759,-0.06573766,0.98644984,-0.15031745,-0.03671411,0.14815016,0.98828316,8.526159,-1.517343,4.043631,-0.015028,0.079621,9.806110,-0.020443,0.078388,-0.006328
2026_07_06_15_26_48.037,6.600000,0.99647933,0.07489658,0.01585623,-0.03417819,0.99716085,0.07049087,0.02648116,-0.06574056,0.98644471,-0.15034968,-0.03672047,0.14818192,0.98827815,8.528002,-1.517548,4.043900,-0.014945,0.079033,9.806079,-0.020321,0.077809,-0.006271
2026_07_06_15_26_48.053,6.620000,0.99647802,0.07491257,0.01585856,-0.03418003,0.99716043,0.07049531,0.02648438,-0.06574329,0.98643965,-0.15038155,-0.03672644,0.14821337,0.98827320,8.529829,-1.517732,4.044156,-0.014792,0.078368,9.805851,-0.020117,0.077130,-0.006394
2026_07_06_15_26_48.073,6.640000,0.99647671,0.07492901,0.01586119,-0.03418175,0.99716008,0.07049957,0.02648821,-0.06574571,0.98643452,-0.15041436,-0.03673302,0.14824571,0.98826814,8.531705,-1.517952,4.044400,-0.014502,0.078011,9.805617,-0.019796,0.076763,-0.006567
2026_07_06_15_26_48.087,6.660000,0.99647528,0.07494542,0.01586409,-0.03418333,0.99715966,0.07050358,0.02649258,-0.06574781,0.98642939,-0.15044710,-0.03674012,0.14827794,0.98826301,8.533576,-1.518203,4.044631,-0.014020,0.078006,9.805387,-0.019307,0.076758,-0.006783
2026_07_06_15_26_48.103,6.680000,0.99647391,0.07496174,0.01586735,-0.03418586,0.99715912,0.07050952,0.02649754,-0.06575175,0.98642415,-0.15047972,-0.03674806,0.14830996,0.98825794,8.535435,-1.518487,4.044973,-0.013675,0.077868,9.805397,-0.018954,0.076647,-0.006746
2026_07_06_15_26_48.122,6.700000,0.99647254,0.07497852,0.01587096,-0.03418875,0.99715847,0.07051627,0.02650311,-0.06575635,0.98641872,-0.15051331,-0.03675680,0.14834286,0.98825264,8.537346,-1.518806,4.045362,-0.013735,0.077660,9.805319,-0.018999,0.076426,-0.006796
2026_07_06_15_26_48.155,6.720000,0.99647117,0.07499525,0.01587488,-0.03419092,0.99715793,0.07052162,0.02650940,-0.06575946,0.98641336,-0.15054676,-0.03676603,0.14837566,0.98824739,8.539250,-1.519167,4.045670,-0.013983,0.077696,9.805079,-0.019239,0.076408,-0.007049
2026_07_06_15_26_48.171,6.740000,0.99646980,0.07501145,0.01587910,-0.03419293,0.99715739,0.07052667,0.02651636,-0.06576222,0.98640823,-0.15057920,-0.03677581,0.14840738,0.98824227,8.541093,-1.519566,4.045961,-0.013995,0.078069,9.805052,-0.019275,0.076770,-0.007134
2026_07_06_15_26_48.191,6.760000,0.99646848,0.07502707,0.01588308,-0.03419483,0.99715686,0.07053146,0.02652290,-0.06576481,0.98640329,-0.15061046,-0.03678505,0.14843799,0.98823732,8.542871,-1.519940,4.046237,-0.014050,0.078073,9.805278,-0.019338,0.076804,-0.006915
2026_07_06_15_26_48.203,6.780000,0.99646723,0.07504264,0.01588725,-0.03419606,0.99715644,0.07053494,0.02652993,-0.06576606,0.98639846,-0.15064164,-0.03679458,0.14846851,0.98823237,8.544642,-1.520343,4.046437,-0.013830,0.077736,9.805101,-0.019091,0.076460,-0.007035
2026_07_06_15_26_48.233,6.800000,0.99646586,0.07505819,0.01589163,-0.03419718,0.99715602,0.07053825,0.02653738,-0.06576706,0.98639363,-0.15067275,-0.03680449,0.14849897,0.98822743,8.546412,-1.520770,4.046628,-0.013552,0.077541,9.804775,-0.018789,0.076239,-0.007324
2026_07_06_15_26_48.251,6.820000,0.99646467,0.07507306,0.01589633,-0.03419875,0.99715549,0.07054246,0.02654546,-0.06576892,0.98638898,-0.15070257,-0.03681508,0.14852804,0.98822266,8.548101,-1.521234,4.046871,-0.013644,0.076720,9.804624,-0.018822,0.075400,-0.007356
2026_07_06_15_26_48.276,6.840000,0.99646342,0.07508713,0.01590138,-0.03420126,0.99715483,0.07054858,0.02655414,-0.06577262,0.98638439,-0.15073085,-0.03682643,0.14855546,0.98821813,8.549695,-1.521731,4.047224,-0.013781,0.075353,9.804634,-0.018868,0.074043,-0.007145
2026_07_06_15_26_48.287,6.860000,0.99646217,0.07510103,0.01590624,-0.03420470,0.99715406,0.07055652,0.02656232,-0.06577823,0.98637974,-0.15075880,-0.03683755,0.14858252,0.98821366,8.551267,-1.522200,4.047681,-0.014096,0.074344,9.804632,-0.019116,0.073025,-0.007005
2026_07_06_15_26_48.306,6.880000,0.99646091,0.07511496,0.01591134,-0.03420844,0.99715322,0.07056510,0.02657093,-0.06578438,0.98637503,-0.15078685,-0.03684919,0.14860964,0.98820913,8.552844,-1.522694,4.048175,-0.013993,0.074215,9.804717,-0.019009,0.072918,-0.006900
2026_07_06_15_26_48.320,6.900000,0.99645966,0.07512899,0.01591653,-0.03421245,0.99715233,0.07057423,0.02657967,-0.06579106,0.98637027,-0.15081511,-0.03686105,0.14863695,0.98820460,8.554431,-1.523194,4.048701,-0.013181,0.074441,9.804654,-0.018213,0.073187,-0.006978
2026_07_06_15_26_48.337,6.920000,0.99645835,0.07514308,0.01592133,-0.03421675,0.99715143,0.07058389,0.02658759,-0.06579839,0.98636544,-0.15084347,-0.03687220,0.14866436,0.98820007,8.556024,-1.523648,4.049257,-0.012737,0.074471,9.804427,-0.017764,0.073215,-0.007197
2026_07_06_15_26_48.371,6.940000,0.99645710,0.07515721,0.01592585,-0.03422082,0.99715060,0.07059305,0.02659497,-0.06580528,0.98636067,-0.15087186,-0.03688274,0.14869188,0.98819554,8.557623,-1.524072,4.049784,-0.012904,0.074378,9.803971,-0.017908,0.073043,-0.007641
2026_07_06_15_26_48.387,6.960000,0.99645579,0.07517192,0.01593007,-0.03422415,0.99714988,0.07060068,0.02660182,-0.06581070,0.98635578,-0.15090138,-0.03689260,0.14872059,0.98819083,8.559291,-1.524464,4.050223,-0.013179,0.074334,9.803528,-0.018164,0.072914,-0.008081
2026_07_06_15_26_48.406,6.980000,0.99645454,0.07518666,0.01593398,-0.03422676,0.99714929,0.07060686,0.02660819,-0.06581476,0.98635101,-0.15093091,-0.03690177,0.14874944,0.98818612,8.560966,-1.524829,4.050579,-0.013292,0.074473,9.803531,-0.018285,0.073043,-0.008105
2026_07_06_15_26_48.420,7.000000,0.99645334,0.07520088,0.01593766,-0.03422922,0.99714869,0.07061269,0.02661413,-0.06581859,0.98634636,-0.15095940,-0.03691040,0.14877728,0.98818165,8.562584,-1.525169,4.050915,-0.013270,0.074538,9.803854,-0.018280,0.073156,-0.007797
2026_07_06_15_26_48.437,7.020000,0.99645209,0.07521511,0.01594161,-0.03423204,0.99714804,0.07061928,0.02662058,-0.06582307,0.98634171,-0.15098792,-0.03691964,0.14880508,0.98817712,8.564198,-1.525539,4.051294,-0.013092,0.074462,9.804285,-0.018114,0.073157,-0.007358
2026_07_06_15_26_48.472,7.040000,0.99645078,0.07522994,0.01594586,-0.03423520,0.99714738,0.07062660,0.02662751,-0.06582817,0.98633683,-0.15101768,-0.03692956,0.14883403,0.98817235,8.565881,-1.525937,4.051715,-0.013094,0.074578,9.804337,-0.018126,0.073280,-0.007326
2026_07_06_15_26_48.487,7.060000,0.99644953,0.07524479,0.01595037,-0.03423816,0.99714667,0.07063356,0.02663499,-0.06583282,0.98633194,-0.15104750,-0.03693997,0.14886305,0.98816764,8.567566,-1.526366,4.052116,-0.013149,0.074614,9.804378,-0.018186,0.073317,-0.007295
2026_07_06_15_26_48.508,7.080000,0.99644828,0.07525904,0.01595511,-0.03424090,0.99714601,0.07064009,0.02664301,-0.06583703,0.98632729,-0.15107611,-0.03695075,0.14889085,0.98816299,8.569181,-1.526825,4.052492,-0.013041,0.074204,9.804437,-0.018053,0.072928,-0.007173
2026_07_06_15_26_48.527,7.100000,0.99644703,0.07527320,0.01595958,-0.03424402,0.99714530,0.07064737,0.02665044,-0.06584205,0.98632258,-0.15110455,-0.03696106,0.14891846,0.98815846,8.570786,-1.527251,4.052911,-0.013102,0.073697,9.804269,-0.018075,0.072399,-0.007267
2026_07_06_15_26_48.537,7.120000,0.99644578,0.07528733,0.01596373,-0.03424698,0.99714458,0.07065424,0.02665725,-0.06584679,0.98631793,-0.15113290,-0.03697070,0.14894606,0.98815393,8.572390,-1.527641,4.053307,-0.012968,0.073353,9.804249,-0.017918,0.072066,-0.007233
2026_07_06_15_26_48.568,7.140000,0.99644452,0.07530141,0.01596755,-0.03425030,0.99714392,0.07066180,0.02666337,-0.06585228,0.98631322,-0.15116115,-0.03697975,0.14897357,0.98814946,8.573987,-1.527992,4.053742,-0.012570,0.073054,9.804230,-0.017501,0.071796,-0.007198
2026_07_06_15_26_48.589,7.160000,0.99644321,0.07531597,0.01597108,-0.03425450,0.99714309,0.07067107,0.02666872,-0.06585956,0.98630828,-0.15119033,-0.03698837,0.14900200,0.98814487,8.575639,-1.528299,4.054276,-0.012090,0.072684,9.803988,-0.016989,0.071428,-0.007371
2026_07_06_15_26_48.604,7.180000,0.99644196,0.07533052,0.01597428,-0.03425846,0.99714237,0.07067983,0.02667346,-0.06586643,0.98630333,-0.15121949,-0.03699629,0.14903048,0.98814029,8.577292,-1.528571,4.054779,-0.011715,0.072691,9.804333,-0.016630,0.071513,-0.007024
2026_07_06_15_26_48.620,7.200000,0.99644071,0.07534454,0.01597722,-0.03426218,0.99714166,0.07068805,0.02667776,-0.06587286,0.98629862,-0.15124756,-0.03700363,0.14905789,0.98813587,8.578885,-1.528817,4.055252,-0.011549,0.072900,9.804966,-0.016502,0.071825,-0.006428
2026_07_06_15_26_48.637,7.220000,0.99643946,0.07535847,0.01597990,-0.03426621,0.99714094,0.07069686,0.02668151,-0.06587997,0.98629385,-0.15127544,-0.03701051,0.14908515,0.98813146,8.580468,-1.529032,4.055758,-0.011218,0.072336,9.805201,-0.016144,0.071327,-0.006103
2026_07_06_15_26_48.668,7.240000,0.99643826,0.07537227,0.01598233,-0.03427003,0.99714029,0.07070518,0.02668478,-0.06588668,0.98628914,-0.15130305,-0.03701682,0.14911219,0.98812717,8.582038,-1.529220,4.056237,-0.010986,0.071647,9.805219,-0.015868,0.070666,-0.005977
2026_07_06_15_26_48.687,7.260000,0.99643713,0.07538550,0.01598462,-0.03427362,0.99713963,0.07071303,0.02668788,-0.06589299,0.98628467,-0.15132952,-0.03702281,0.14913812,0.98812306,8.583544,-1.529397,4.056688,-0.011281,0.071315,9.805360,-0.016146,0.070338,-0.005797
2026_07_06_15_26_48.705,7.280000,0.99643600,0.07539821,0.01598741,-0.03427750,0.99713892,0.07072151,0.02669194,-0.06589983,0.98628032,-0.15135498,-0.03702978,0.14916296,0.98811901,8.584987,-1.529630,4.057176,-0.011710,0.071138,9.805639,-0.016573,0.070175,-0.005507
2026_07_06_15_26_48.720,7.300000,0.99643481,0.07541041,0.01599055,-0.03428111,0.99713820,0.07072949,0.02669677,-0.06590608,0.98627615,-0.15137947,-0.03703738,0.14918676,0.98811513,8.586369,-1.529907,4.057635,-0.011820,0.070822,9.805720,-0.016666,0.069868,-0.005384
2026_07_06_15_26_48.737,7.320000,0.99643379,0.07542206,0.01599393,-0.03428395,0.99713761,0.07073596,0.02670225,-0.06591079,0.98627228,-0.15140285,-0.03704531,0.14920951,0.98811144,8.587690,-1.530221,4.058008,-0.011650,0.070022,9.805774,-0.016446,0.069098,-0.005209
2026_07_06_15_26_48.766,7.340000,0.99643284,0.07543372,0.01599746,-0.03428606,0.99713707,0.07074101,0.02670814,-0.06591402,0.98626846,-0.15142624,-0.03705344,0.14923228,0.98810768,8.589014,-1.530558,4.058299,-0.011239,0.069237,9.806026,-0.015994,0.068391,-0.004831
2026_07_06_15_26_48.786,7.360000,0.99643183,0.07544543,0.01600120,-0.03428802,0.99713659,0.07074578,0.02671446,-0.06591691,0.98626465,-0.15144974,-0.03706195,0.14925516,0.98810393,8.590343,-1.530921,4.058573,-0.010969,0.068892,9.806237,-0.015710,0.068100,-0.004564
2026_07_06_15_26_48.805,7.380000,0.99643081,0.07545669,0.01600576,-0.03429032,0.99713600,0.07075135,0.02672239,-0.06592038,0.98626095,-0.15147243,-0.03707213,0.14927708,0.98810023,8.591618,-1.531375,4.058894,-0.010877,0.068596,9.806294,-0.015601,0.067823,-0.004461
2026_07_06_15_26_48.822,7.400000,0.99642980,0.07546751,0.01601054,-0.03429297,0.99713528,0.07075763,0.02673075,-0.06592453,0.98625731,-0.15149425,-0.03708277,0.14929806,0.98809665,8.592837,-1.531854,4.059256,-0.010705,0.068259,9.806067,-0.015399,0.067470,-0.004633
2026_07_06_15_26_48.845,7.420000,0.99642879,0.07547838,0.01601502,-0.03429602,0.99713463,0.07076465,0.02673844,-0.06592950,0.98625362,-0.15151617,-0.03709287,0.14931917,0.98809308,8.594066,-1.532295,4.059659,-0.010741,0.067720,9.805737,-0.015387,0.066885,-0.004880
2026_07_06_15_26_48.856,7.440000,0.99642777,0.07548927,0.01601921,-0.03429943,0.99713385,0.07077236,0.02674550,-0.06593525,0.98624986,-0.15153810,-0.03710245,0.14934030,0.98808950,8.595294,-1.532700,4.060104,-0.010772,0.067061,9.805737,-0.015375,0.066234,-0.004783
2026_07_06_15_26_48.871,7.460000,0.99642682,0.07549964,0.01602306,-0.03430316,0.99713314,0.07078066,0.02675186,-0.06594171,0.98624617,-0.15155903,-0.03711136,0.14936045,0.98808610,8.596464,-1.533064,4.060581,-0.010323,0.066477,9.805668,-0.014887,0.065678,-0.004750
2026_07_06_15_26_48.906,7.480000,0.99642587,0.07550960,0.01602659,-0.03430720,0.99713230,0.07078949,0.02675757,-0.06594885,0.98624265,-0.15157910,-0.03711966,0.14937977,0.98808289,8.597589,-1.533392,4.061090,-0.009945,0.066249,9.805475,-0.014489,0.065452,-0.004898
2026_07_06_15_26_48.920,7.500000,0.99642491,0.07551988,0.01602990,-0.03431102,0.99713159,0.07079786,0.02676285,-0.06595556,0.98623902,-0.15159979,-0.03712751,0.14939979,0.98807961,8.598751,-1.533694,4.061572,-0.010204,0.066939,9.805694,-0.014801,0.066146,-0.004797
2026_07_06_15_26_48.937,7.520000,0.99642390,0.07553095,0.01603297,-0.03431464,0.99713087,0.07080582,0.02676763,-0.06596188,0.98623514,-0.15162203,-0.03713490,0.14942136,0.98807603,8.600004,-1.533969,4.062029,-0.010449,0.067397,9.806175,-0.015094,0.066652,-0.004397
2026_07_06_15_26_48.954,7.540000,0.99642283,0.07554264,0.01603629,-0.03431854,0.99713016,0.07081441,0.02677283,-0.06596871,0.98623109,-0.15164551,-0.03714288,0.14944413,0.98807228,8.601328,-1.534267,4.062523,-0.010186,0.067140,9.806362,-0.014822,0.066445,-0.004168
2026_07_06_15_26_48.986,7.560000,0.99642169,0.07555483,0.01603981,-0.03432272,0.99712932,0.07082359,0.02677834,-0.06597605,0.98622686,-0.15167001,-0.03715133,0.14946789,0.98806840,8.602708,-1.534583,4.063052,-0.009751,0.066365,9.805821,-0.014318,0.065630,-0.004576
2026_07_06_15_26_49.003,7.580000,0.99642056,0.07556695,0.01604310,-0.03432720,0.99712855,0.07083332,0.02678335,-0.06598400,0.98622257,-0.15169437,-0.03715936,0.14949150,0.98806453,8.604080,-1.534870,4.063611,-0.009811,0.065735,9.805402,-0.014321,0.064942,-0.004898
2026_07_06_15_26_49.024,7.600000,0.99641949,0.07557867,0.01604676,-0.03433138,0.99712771,0.07084250,0.02678917,-0.06599133,0.98621845,-0.15171793,-0.03716806,0.14951429,0.98806071,8.605404,-1.535203,4.064140,-0.010247,0.065966,9.805117,-0.014761,0.065096,-0.005227
2026_07_06_15_26_49.043,7.620000,0.99641842,0.07559049,0.01605067,-0.03433529,0.99712694,0.07085118,0.02679553,-0.06599806,0.98621434,-0.15174173,-0.03717721,0.14953731,0.98805690,8.606742,-1.535568,4.064639,-0.010258,0.066041,9.805092,-0.014776,0.065165,-0.005265
2026_07_06_15_26_49.054,7.640000,0.99641734,0.07560229,0.01605422,-0.03433897,0.99712622,0.07085936,0.02680120,-0.06600441,0.98621023,-0.15176544,-0.03718562,0.14956030,0.98805308,8.608078,-1.535893,4.065109,-0.009990,0.065593,9.805466,-0.014494,0.064798,-0.004822
2026_07_06_15_26_49.072,7.660000,0.99641627,0.07561418,0.01605744,-0.03434244,0.99712551,0.07086707,0.02680624,-0.06601039,0.98620617,-0.15178931,-0.03719334,0.14958349,0.98804933,8.609426,-1.536181,4.065553,-0.009746,0.065680,9.805565,-0.014260,0.064916,-0.004732
2026_07_06_15_26_49.103,7.680000,0.99641520,0.07562617,0.01606034,-0.03434624,0.99712479,0.07087539,0.02681059,-0.06601706,0.98620206,-0.15181336,-0.03720049,0.14960691,0.98804551,8.610785,-1.536431,4.066032,-0.009281,0.065898,9.805344,-0.013803,0.065130,-0.004973
2026_07_06_15_26_49.121,7.700000,0.99641401,0.07563812,0.01606292,-0.03435034,0.99712408,0.07088427,0.02681425,-0.06602439,0.98619783,-0.15183730,-0.03720703,0.14963023,0.98804170,8.612141,-1.536641,4.066542,-0.008759,0.065433,9.805426,-0.013256,0.064721,-0.004809
2026_07_06_15_26_49.137,7.720000,0.99641293,0.07565069,0.01606573,-0.03435471,0.99712330,0.07089373,0.02681829,-0.06603219,0.98619348,-0.15186252,-0.03721412,0.14965479,0.98803771,8.613567,-1.536872,4.067086,-0.008300,0.065431,9.805272,-0.012792,0.064728,-0.004950
2026_07_06_15_26_49.161,7.740000,0.99641174,0.07566387,0.01606881,-0.03435932,0.99712247,0.07090373,0.02682279,-0.06604041,0.98618883,-0.15188897,-0.03722183,0.14968053,0.98803353,8.615062,-1.537130,4.067662,-0.008179,0.065544,9.804342,-0.012646,0.064709,-0.005884
2026_07_06_15_26_49.172,7.760000,0.99641043,0.07567705,0.01607170,-0.03436420,0.99712163,0.07091422,0.02682686,-0.06604918,0.98618418,-0.15191539,-0.03722919,0.14970623,0.98802936,8.616555,-1.537364,4.068264,-0.008372,0.065580,9.803380,-0.012805,0.064586,-0.006848
2026_07_06_15_26_49.203,7.780000,0.99640936,0.07568966,0.01607439,-0.03436880,0.99712080,0.07092412,0.02683063,-0.06605746,0.98617971,-0.15194069,-0.03723608,0.14973085,0.98802537,8.617986,-1.537580,4.068834,-0.008601,0.065339,9.803280,-0.013015,0.064317,-0.006917
2026_07_06_15_26_49.219,7.800000,0.99640822,0.07570212,0.01607685,-0.03437314,0.99712002,0.07093346,0.02683397,-0.06606525,0.98617536,-0.15196566,-0.03724245,0.14975522,0.98802143,8.619401,-1.537771,4.069371,-0.008676,0.064628,9.803837,-0.013063,0.063694,-0.006264
2026_07_06_15_26_49.236,7.820000,0.99640703,0.07571506,0.01607905,-0.03437776,0.99711925,0.07094334,0.02683673,-0.06607364,0.98617077,-0.15199155,-0.03724838,0.14978051,0.98801738,8.620870,-1.537929,4.069940,-0.008487,0.064331,9.804232,-0.012870,0.063473,-0.005825
2026_07_06_15_26_49.258,7.840000,0.99640578,0.07572794,0.01608100,-0.03438212,0.99711853,0.07095265,0.02683903,-0.06608152,0.98616630,-0.15201731,-0.03725378,0.14980571,0.98801339,8.622333,-1.538061,4.070475,-0.008359,0.064218,9.804631,-0.012751,0.063431,-0.005411
2026_07_06_15_26_49.272,7.860000,0.99640465,0.07574078,0.01608329,-0.03438619,0.99711782,0.07096144,0.02684204,-0.06608880,0.98616183,-0.15204301,-0.03725979,0.14983085,0.98800933,8.623793,-1.538234,4.070980,-0.008394,0.063944,9.804897,-0.012779,0.063197,-0.005109
2026_07_06_15_26_49.302,7.880000,0.99640346,0.07575413,0.01608598,-0.03439054,0.99711704,0.07097086,0.02684581,-0.06609654,0.98615718,-0.15206976,-0.03726671,0.14985694,0.98800510,8.625308,-1.538450,4.071522,-0.008821,0.063909,9.805105,-0.013210,0.063163,-0.004911
2026_07_06_15_26_49.321,7.900000,0.99640226,0.07576796,0.01608844,-0.03439465,0.99711633,0.07097980,0.02684909,-0.06610384,0.98615247,-0.15209745,-0.03727314,0.14988403,0.98800075,8.626882,-1.538638,4.072036,-0.008927,0.063873,9.805205,-0.013318,0.063135,-0.004811
2026_07_06_15_26_49.356,7.920000,0.99640107,0.07578110,0.01609067,-0.03439852,0.99711567,0.07098818,0.02685200,-0.06611070,0.98614794,-0.15212373,-0.03727903,0.14990975,0.98799664,8.628375,-1.538805,4.072517,-0.008858,0.063418,9.804990,-0.013211,0.062658,-0.004956
2026_07_06_15_26_49.356,7.940000,0.99640000,0.07579306,0.01609275,-0.03440268,0.99711496,0.07099710,0.02685467,-0.06611823,0.98614371,-0.15214767,-0.03728461,0.14993314,0.98799288,8.629733,-1.538957,4.073031,-0.008856,0.063029,9.804611,-0.013170,0.062218,-0.005272
2026_07_06_15_26_49.387,7.960000,0.99639893,0.07580498,0.01609462,-0.03440714,0.99711424,0.07100657,0.02685686,-0.06612637,0.98613954,-0.15217154,-0.03728979,0.14995645,0.98798913,8.631086,-1.539083,4.073575,-0.008605,0.062725,9.804441,-0.012893,0.061911,-0.005388
2026_07_06_15_26_49.392,7.980000,0.99639773,0.07581685,0.01609631,-0.03441187,0.99711347,0.07101656,0.02685866,-0.06613507,0.98613524,-0.15219527,-0.03729466,0.14997965,0.98798543,8.632434,-1.539186,4.074149,-0.008544,0.062377,9.804493,-0.012812,0.061580,-0.005285
2026_07_06_15_26_49.424,8.000000,0.99639666,0.07582864,0.01609834,-0.03441681,0.99711263,0.07102703,0.02686110,-0.06614417,0.98613101,-0.15221892,-0.03730022,0.15000270,0.98798174,8.633772,-1.539326,4.074751,-0.008307,0.061818,9.804712,-0.012548,0.061077,-0.004978
2026_07_06_15_26_49.437,8.020000,0.99639559,0.07584107,0.01610044,-0.03442086,0.99711198,0.07103574,0.02686379,-0.06615144,0.98612666,-0.15224379,-0.03730585,0.15002704,0.98797780,8.635186,-1.539480,4.075252,-0.007699,0.061345,9.805405,-0.011937,0.060758,-0.004207
2026_07_06_15_26_49.455,8.040000,0.99639446,0.07585402,0.01610275,-0.03442408,0.99711138,0.07104284,0.02686698,-0.06615701,0.98612231,-0.15226969,-0.03731180,0.15005240,0.98797375,8.636658,-1.539663,4.075661,-0.007524,0.061307,9.805799,-0.011775,0.060792,-0.003809
2026_07_06_15_26_49.473,8.060000,0.99639332,0.07586703,0.01610530,-0.03442651,0.99711084,0.07104842,0.02687074,-0.06616098,0.98611802,-0.15229571,-0.03731810,0.15007791,0.98796964,8.638141,-1.539879,4.075982,-0.007455,0.061621,9.805202,-0.011705,0.061016,-0.004445
2026_07_06_15_26_49.502,8.080000,0.99639219,0.07588007,0.01610806,-0.03442873,0.99711037,0.07105360,0.02687497,-0.06616449,0.98611373,-0.15232176,-0.03732479,0.15010345,0.98796546,8.639625,-1.540121,4.076280,-0.007160,0.061711,9.804576,-0.011393,0.061032,-0.005072
2026_07_06_15_26_49.519,8.100000,0.99639100,0.07589353,0.01611113,-0.03443130,0.99710983,0.07105954,0.02687975,-0.06616862,0.98610932,-0.15234871,-0.03733220,0.15012981,0.98796123,8.641154,-1.540395,4.076622,-0.007364,0.061348,9.804420,-0.011567,0.060636,-0.005178
2026_07_06_15_26_49.538,8.120000,0.99638987,0.07590690,0.01611453,-0.03443366,0.99710929,0.07106511,0.02688521,-0.06617230,0.98610491,-0.15237549,-0.03734022,0.15015596,0.98795694,8.642674,-1.540708,4.076942,-0.007776,0.061130,9.804270,-0.011958,0.060369,-0.005305
2026_07_06_15_26_49.555,8.140000,0.99638873,0.07592022,0.01611873,-0.03443578,0.99710870,0.07107033,0.02689230,-0.06617537,0.98610061,-0.15240222,-0.03734978,0.15018198,0.98795259,8.644186,-1.541114,4.077243,-0.007991,0.061036,9.804026,-0.012157,0.060224,-0.005540
2026_07_06_15_26_49.573,8.160000,0.99638754,0.07593394,0.01612304,-0.03443772,0.99710816,0.07107521,0.02689961,-0.06617806,0.98609614,-0.15242974,-0.03735958,0.15020879,0.98794818,8.645744,-1.541534,4.077524,-0.007780,0.060629,9.803950,-0.011918,0.059826,-0.005549
2026_07_06_15_26_49.588,8.180000,0.99638635,0.07594810,0.01612739,-0.03443896,0.99710774,0.07107871,0.02690708,-0.06617933,0.98609167,-0.15245812,-0.03736937,0.15023647,0.98794359,8.647353,-1.541962,4.077726,-0.007428,0.060408,9.803571,-0.011538,0.059576,-0.005882
2026_07_06_15_26_49.620,8.200000,0.99638516,0.07596210,0.01613190,-0.03444007,0.99710727,0.07108197,0.02691489,-0.06618032,0.98608726,-0.15248618,-0.03737945,0.15026385,0.98793906,8.648944,-1.542409,4.077914,-0.007418,0.060131,9.803337,-0.011501,0.059269,-0.006072
2026_07_06_15_26_49.637,8.220000,0.99638402,0.07597589,0.01613603,-0.03444109,0.99710691,0.07108500,0.02692198,-0.06618121,0.98608297,-0.15251382,-0.03738875,0.15029086,0.98793459,8.650514,-1.542816,4.078089,-0.007438,0.059722,9.803430,-0.011497,0.058878,-0.005920
2026_07_06_15_26_49.654,8.240000,0.99638289,0.07598954,0.01613979,-0.03444203,0.99710649,0.07108780,0.02692835,-0.06618198,0.98607868,-0.15254113,-0.03739728,0.15031758,0.98793018,8.652066,-1.543181,4.078251,-0.007384,0.059518,9.803604,-0.011436,0.058706,-0.005716
2026_07_06_15_26_49.673,8.260000,0.99638176,0.07600302,0.01614377,-0.03444285,0.99710613,0.07109042,0.02693518,-0.06618251,0.98607445,-0.15256813,-0.03740623,0.15034398,0.98792583,8.653601,-1.543573,4.078402,-0.007515,0.059181,9.803724,-0.011549,0.058383,-0.005552
2026_07_06_15_26_49.700,8.280000,0.99638069,0.07601643,0.01614834,-0.03444300,0.99710584,0.07109176,0.02694333,-0.06618160,0.98607039,-0.15259500,-0.03741626,0.15037020,0.98792148,8.655125,-1.544040,4.078480,-0.007150,0.059088,9.804041,-0.011191,0.058364,-0.005218
2026_07_06_15_26_49.704,8.300000,0.99637967,0.07602920,0.01615292,-0.03444253,0.99710560,0.07109186,0.02695161,-0.06617948,0.98606652,-0.15262060,-0.03742616,0.15039520,0.98791730,8.656578,-1.544514,4.078487,-0.006553,0.058954,9.804689,-0.010612,0.058372,-0.004542
2026_07_06_15_26_49.748,8.320000,0.99637866,0.07604185,0.01615701,-0.03444153,0.99710548,0.07109084,0.02695900,-0.06617641,0.98606282,-0.15264590,-0.03743500,0.15042002,0.98791319,8.658021,-1.544938,4.078429,-0.006320,0.058680,9.804952,-0.010370,0.058158,-0.004235
2026_07_06_15_26_49.754,8.340000,0.99637765,0.07605442,0.01616071,-0.03444058,0.99710536,0.07108983,0.02696562,-0.06617346,0.98605913,-0.15267102,-0.03744305,0.15044470,0.98790914,8.659454,-1.545317,4.078372,-0.006228,0.058488,9.804943,-0.010266,0.057973,-0.004214
2026_07_06_15_26_49.787,8.360000,0.99637675,0.07606636,0.01616414,-0.03443967,0.99710524,0.07108887,0.02697175,-0.06617068,0.98605561,-0.15269488,-0.03745056,0.15046814,0.98790526,8.660816,-1.545669,4.078317,-0.006545,0.058210,9.804749,-0.010556,0.057648,-0.004374
2026_07_06_15_26_49.794,8.380000,0.99637580,0.07607828,0.01616775,-0.03443875,0.99710518,0.07108790,0.02697823,-0.06616784,0.98605216,-0.15271871,-0.03745840,0.15049152,0.98790139,8.662176,-1.546040,4.078262,-0.006383,0.058119,9.804342,-0.010373,0.057508,-0.004759
2026_07_06_15_26_49.821,8.400000,0.99637479,0.07609082,0.01617150,-0.03443835,0.99710494,0.07108802,0.02698486,-0.06616601,0.98604840,-0.15274380,-0.03746663,0.15051611,0.98789734,8.663605,-1.546420,4.078270,-0.005987,0.058495,9.803817,-0.009984,0.057828,-0.005325
2026_07_06_15_26_49.836,8.420000,0.99637371,0.07610381,0.01617542,-0.03443846,0.99710470,0.07108918,0.02699172,-0.06616513,0.98604441,-0.15276979,-0.03747531,0.15054156,0.98789310,8.665083,-1.546813,4.078337,-0.005828,0.058322,9.803947,-0.009818,0.057688,-0.005167
2026_07_06_15_26_49.854,8.440000,0.99637264,0.07611714,0.01617942,-0.03443851,0.99710441,0.07109024,0.02699874,-0.06616411,0.98604035,-0.15279646,-0.03748418,0.15056770,0.98788881,8.666602,-1.547216,4.078399,-0.005560,0.057631,9.803959,-0.009506,0.057027,-0.005045
2026_07_06_15_26_49.873,8.460000,0.99637151,0.07613080,0.01618308,-0.03443855,0.99710417,0.07109124,0.02700505,-0.06616312,0.98603618,-0.15282376,-0.03749239,0.15059449,0.98788440,8.668159,-1.547578,4.078457,-0.005810,0.057159,9.803894,-0.009721,0.056534,-0.005046
2026_07_06_15_26_49.887,8.480000,0.99637038,0.07614478,0.01618644,-0.03443858,0.99710399,0.07109220,0.02701074,-0.06616215,0.98603189,-0.15285169,-0.03750002,0.15062194,0.98787993,8.669754,-1.547904,4.078512,-0.006172,0.056854,9.804223,-0.010074,0.056257,-0.004685
2026_07_06_15_26_49.906,8.500000,0.99636930,0.07615914,0.01618946,-0.03443808,0.99710381,0.07109204,0.02701581,-0.06616014,0.98602760,-0.15288033,-0.03750691,0.15065019,0.98787540,8.671393,-1.548194,4.078504,-0.006361,0.056789,9.804234,-0.010258,0.056181,-0.004672
2026_07_06_15_26_49.939,8.520000,0.99636817,0.07617322,0.01619218,-0.03443759,0.99710375,0.07109185,0.02702029,-0.06615821,0.98602337,-0.15290838,-0.03751319,0.15067792,0.98787093,8.673005,-1.548451,4.078494,-0.006431,0.056385,9.804583,-0.010314,0.055830,-0.004269
2026_07_06_15_26_49.954,8.540000,0.99636710,0.07618696,0.01619461,-0.03443711,0.99710363,0.07109165,0.02702424,-0.06615637,0.98601925,-0.15293576,-0.03751887,0.15070496,0.98786658,8.674575,-1.548677,4.078483,-0.006471,0.055550,9.804841,-0.010309,0.055043,-0.003888
2026_07_06_15_26_49.973,8.560000,0.99636602,0.07620092,0.01619675,-0.03443666,0.99710357,0.07109144,0.02702757,-0.06615461,0.98601508,-0.15296355,-0.03752400,0.15073249,0.98786217,8.676173,-1.548869,4.078471,-0.006444,0.054858,9.805099,-0.010246,0.054402,-0.003529
2026_07_06_15_26_49.989,8.580000,0.99636489,0.07621516,0.01619862,-0.03443675,0.99710345,0.07109229,0.02703026,-0.06615397,0.98601073,-0.15299186,-0.03752867,0.15076056,0.98785770,8.677804,-1.549023,4.078520,-0.006253,0.054520,9.805266,-0.010039,0.054107,-0.003307
2026_07_06_15_26_50.020,8.600000,0.99636376,0.07622911,0.01620089,-0.03443731,0.99710321,0.07109413,0.02703371,-0.06615422,0.98600638,-0.15301968,-0.03753421,0.15078802,0.98785329,8.679399,-1.549220,4.078626,-0.006594,0.054072,9.805058,-0.010342,0.053610,-0.003455
2026_07_06_15_26_50.022,8.620000,0.99636269,0.07624274,0.01620351,-0.03443779,0.99710298,0.07109585,0.02703789,-0.06615426,0.98600215,-0.15304686,-0.03754041,0.15081482,0.98784900,8.680954,-1.549460,4.078726,-0.007011,0.053330,9.804969,-0.010705,0.052834,-0.003444
2026_07_06_15_26_50.056,8.640000,0.99636155,0.07625657,0.01620586,-0.03443824,0.99710274,0.07109748,0.02704151,-0.06615427,0.98599792,-0.15307444,-0.03754608,0.15084204,0.98784459,8.682535,-1.549668,4.078820,-0.007111,0.052611,9.804755,-0.010749,0.052086,-0.003548
2026_07_06_15_26_50.073,8.660000,0.99636042,0.07627062,0.01620802,-0.03443918,0.99710250,0.07110007,0.02704465,-0.06615528,0.98599344,-0.15310244,-0.03755145,0.15086968,0.98784018,8.684141,-1.549848,4.078969,-0.007313,0.052062,9.804641,-0.010910,0.051513,-0.003584
2026_07_06_15_26_50.086,8.680000,0.99635929,0.07628436,0.01621005,-0.03444059,0.99710214,0.07110355,0.02704751,-0.06615726,0.98598909,-0.15312983,-0.03755663,0.15089668,0.98783588,8.685708,-1.550012,4.079169,-0.007746,0.051670,9.804955,-0.011328,0.051143,-0.003228
2026_07_06_15_26_50.103,8.700000,0.99635822,0.07629726,0.01621189,-0.03444189,0.99710184,0.07110677,0.02705006,-0.06615908,0.98598498,-0.15315555,-0.03756135,0.15092207,0.98783183,8.687183,-1.550158,4.079354,-0.007846,0.051300,9.805511,-0.011424,0.050855,-0.002625
2026_07_06_15_26_50.137,8.720000,0.99635720,0.07630991,0.01621344,-0.03444310,0.99710160,0.07110975,0.02705205,-0.06616076,0.98598093,-0.15318075,-0.03756545,0.15094697,0.98782784,8.688628,-1.550272,4.079526,-0.007481,0.050868,9.805708,-0.011039,0.050485,-0.002356
2026_07_06_15_26_50.152,8.740000,0.99635619,0.07632241,0.01621479,-0.03444421,0.99710137,0.07111251,0.02705369,-0.06616230,0.98597699,-0.15320562,-0.03756915,0.15097161,0.98782396,8.690059,-1.550365,4.079684,-0.007540,0.050877,9.805669,-0.011097,0.050483,-0.002399
2026_07_06_15_26_50.173,8.760000,0.99635524,0.07633425,0.01621601,-0.03444470,0.99710119,0.07111400,0.02705518,-0.06616265,0.98597330,-0.15322918,-0.03757243,0.15099496,0.98782027,8.691414,-1.550451,4.079771,-0.007911,0.050948,9.805952,-0.011482,0.050569,-0.002142
2026_07_06_15_26_50.186,8.780000,0.99635434,0.07634536,0.01621703,-0.03444462,0.99710113,0.07111429,0.02705645,-0.06616190,0.98596990,-0.15325125,-0.03757520,0.15101688,0.98781681,8.692686,-1.550524,4.079787,-0.008014,0.050486,9.806582,-0.011578,0.050202,-0.001452
2026_07_06_15_26_50.204,8.800000,0.99635351,0.07635576,0.01621837,-0.03444500,0.99710101,0.07111552,0.02705831,-0.06616206,0.98596668,-0.15327194,-0.03757861,0.15103737,0.98781353,8.693876,-1.550631,4.079858,-0.007470,0.049932,9.807471,-0.011033,0.049828,-0.000475
2026_07_06_15_26_50.220,8.820000,0.99635267,0.07636605,0.01622004,-0.03444583,0.99710077,0.07111770,0.02706077,-0.06616306,0.98596340,-0.15329246,-0.03758273,0.15105762,0.98781025,8.695053,-1.550771,4.079984,-0.007219,0.049582,9.808039,-0.010781,0.049587,0.000144
2026_07_06_15_26_50.253,8.840000,0.99635184,0.07637624,0.01622214,-0.03444708,0.99710047,0.07112080,0.02706405,-0.06616485,0.98596013,-0.15331285,-0.03758780,0.15107761,0.98780704,8.696214,-1.550959,4.080162,-0.007664,0.049160,9.807853,-0.011189,0.049112,0.000011
2026_07_06_15_26_50.270,8.860000,0.99635094,0.07638633,0.01622462,-0.03444874,0.99710011,0.07112475,0.02706800,-0.06616738,0.98595685,-0.15333301,-0.03759365,0.15109733,0.98780376,8.697360,-1.551186,4.080389,-0.007816,0.048647,9.807472,-0.011294,0.048537,-0.000289
2026_07_06_15_26_50.290,8.880000,0.99635005,0.07639691,0.01622672,-0.03444976,0.99709982,0.07112738,0.02707127,-0.06616869,0.98595345,-0.15335415,-0.03759869,0.15111811,0.98780042,8.698567,-1.551373,4.080541,-0.007542,0.048574,9.807261,-0.011008,0.048453,-0.000481
2026_07_06_15_26_50.303,8.900000,0.99634916,0.07640749,0.01622914,-0.03445065,0.99709952,0.07112981,0.02707519,-0.06616971,0.98595011,-0.15337530,-0.03760435,0.15113887,0.98779702,8.699773,-1.551598,4.080682,-0.007635,0.048689,9.806742,-0.011088,0.048481,-0.001016
2026_07_06_15_26_50.339,8.920000,0.99634826,0.07641790,0.01623200,-0.03445198,0.99709916,0.07113317,0.02707995,-0.06617152,0.98594671,-0.15339613,-0.03761094,0.15115923,0.98779362,8.700956,-1.551871,4.080875,-0.008272,0.048017,9.806210,-0.011659,0.047692,-0.001455
2026_07_06_15_26_50.339,8.940000,0.99634743,0.07642811,0.01623462,-0.03445323,0.99709880,0.07113633,0.02708425,-0.06617320,0.98594344,-0.15341657,-0.03761703,0.15117922,0.98779035,8.702118,-1.552117,4.081057,-0.008455,0.047220,9.805946,-0.011778,0.046854,-0.001599
2026_07_06_15_26_50.373,8.960000,0.99634659,0.07643826,0.01623687,-0.03445437,0.99709851,0.07113922,0.02708784,-0.06617475,0.98594016,-0.15343687,-0.03762237,0.15119913,0.98778713,8.703275,-1.552323,4.081223,-0.007947,0.047214,9.805798,-0.011267,0.046862,-0.001734
2026_07_06_15_26_50.387,8.980000,0.99634570,0.07644887,0.01623883,-0.03445596,0.99709815,0.07114298,0.02709075,-0.06617721,0.98593670,-0.15345806,-0.03762722,0.15121996,0.98778373,8.704484,-1.552490,4.081440,-0.007576,0.047056,9.805579,-0.010878,0.046699,-0.001915
2026_07_06_15_26_50.403,9.000000,0.99634480,0.07645940,0.01624067,-0.03445797,0.99709779,0.07114754,0.02709334,-0.06618053,0.98593324,-0.15347910,-0.03763188,0.15124062,0.98778039,8.705684,-1.552638,4.081702,-0.007868,0.047073,9.805511,-0.011168,0.046685,-0.001995
2026_07_06_15_26_50.420,9.020000,0.99634391,0.07646941,0.01624235,-0.03446037,0.99709731,0.07115284,0.02709560,-0.06618467,0.98592985,-0.15349911,-0.03763625,0.15126024,0.98777723,8.706823,-1.552768,4.082007,-0.007872,0.047547,9.805479,-0.011202,0.047147,-0.002099
2026_07_06_15_26_50.453,9.040000,0.99634308,0.07647886,0.01624382,-0.03446312,0.99709684,0.07115879,0.02709744,-0.06618955,0.98592657,-0.15351799,-0.03764024,0.15127873,0.98777425,8.707898,-1.552873,4.082349,-0.007583,0.047541,9.805282,-0.010907,0.047132,-0.002288
2026_07_06_15_26_50.469,9.060000,0.99634224,0.07648830,0.01624505,-0.03446568,0.99709642,0.07116433,0.02709881,-0.06619411,0.98592329,-0.15353684,-0.03764370,0.15129726,0.98777127,8.708974,-1.552952,4.082668,-0.007369,0.047497,9.805305,-0.010692,0.047107,-0.002253
2026_07_06_15_26_50.487,9.080000,0.99634135,0.07649830,0.01624607,-0.03446808,0.99709606,0.07116953,0.02709977,-0.06619834,0.98591995,-0.15355678,-0.03764677,0.15131690,0.98776817,8.710114,-1.553007,4.082966,-0.007374,0.047622,9.805181,-0.010701,0.047210,-0.002396
2026_07_06_15_26_50.503,9.100000,0.99634045,0.07650831,0.01624754,-0.03447028,0.99709564,0.07117441,0.02710163,-0.06620212,0.98591655,-0.15357678,-0.03765069,0.15133654,0.98776501,8.711254,-1.553114,4.083247,-0.007757,0.047752,9.805078,-0.011087,0.047296,-0.002529
2026_07_06_15_26_50.535,9.120000,0.99633962,0.07651775,0.01624927,-0.03447228,0.99709523,0.07117890,0.02710410,-0.06620547,0.98591340,-0.15359564,-0.03765506,0.15135504,0.98776197,8.712329,-1.553255,4.083506,-0.007319,0.047566,9.805033,-0.010637,0.047137,-0.002533
2026_07_06_15_26_50.536,9.140000,0.99633878,0.07652719,0.01625122,-0.03447462,0.99709481,0.07118411,0.02710696,-0.06620947,0.98591018,-0.15361454,-0.03765994,0.15137352,0.98775899,8.713403,-1.553419,4.083806,-0.006686,0.047489,9.804973,-0.009998,0.047096,-0.002565
2026_07_06_15_26_50.573,9.160000,0.99633789,0.07653726,0.01625346,-0.03447729,0.99709427,0.07119004,0.02711028,-0.06621407,0.98590672,-0.15363468,-0.03766546,0.15139319,0.98775578,8.714546,-1.553609,4.084147,-0.006509,0.047846,9.804725,-0.009836,0.047423,-0.002861
2026_07_06_15_26_50.586,9.180000,0.99633700,0.07654785,0.01625539,-0.03448032,0.99709374,0.07119667,0.02711291,-0.06621941,0.98590308,-0.15365590,-0.03767049,0.15141393,0.98775238,8.715751,-1.553760,4.084527,-0.006155,0.047957,9.804336,-0.009477,0.047500,-0.003254
2026_07_06_15_26_50.604,9.200000,0.99633604,0.07655833,0.01625706,-0.03448315,0.99709326,0.07120284,0.02711504,-0.06622439,0.98589945,-0.15367684,-0.03767493,0.15143445,0.98774904,8.716943,-1.553882,4.084882,-0.006049,0.047687,9.804282,-0.009351,0.047232,-0.003263
2026_07_06_15_26_50.620,9.220000,0.99633515,0.07656869,0.01625852,-0.03448579,0.99709278,0.07120860,0.02711682,-0.06622902,0.98589593,-0.15369752,-0.03767895,0.15145478,0.98774582,8.718122,-1.553984,4.085214,-0.006224,0.047382,9.804234,-0.009503,0.046911,-0.003271
2026_07_06_15_26_50.653,9.240000,0.99633425,0.07657909,0.01625986,-0.03448826,0.99709237,0.07121400,0.02711836,-0.06623333,0.98589242,-0.15371828,-0.03768268,0.15147518,0.98774254,8.719308,-1.554072,4.085524,-0.006631,0.047867,9.804316,-0.009945,0.047373,-0.003276
2026_07_06_15_26_50.668,9.260000,0.99633336,0.07658903,0.01626112,-0.03449056,0.99709195,0.07121903,0.02711981,-0.06623733,0.98588902,-0.15373813,-0.03768620,0.15149470,0.98773938,8.720441,-1.554155,4.085813,-0.007140,0.048571,9.804586,-0.010509,0.048072,-0.003130
2026_07_06_15_26_50.689,9.280000,0.99633253,0.07659850,0.01626228,-0.03449269,0.99709159,0.07122372,0.02712111,-0.06624106,0.98588586,-0.15375702,-0.03768946,0.15151329,0.98773640,8.721520,-1.554230,4.086083,-0.007472,0.048901,9.804544,-0.010860,0.048368,-0.003233
2026_07_06_15_26_50.703,9.300000,0.99633175,0.07660794,0.01626322,-0.03449416,0.99709129,0.07122704,0.02712208,-0.06624346,0.98588276,-0.15377581,-0.03769218,0.15153188,0.98773348,8.722599,-1.554286,4.086274,-0.007490,0.048603,9.804707,-0.010865,0.048097,-0.003029
2026_07_06_15_26_50.736,9.320000,0.99633092,0.07661784,0.01626390,-0.03449552,0.99709111,0.07123012,0.02712250,-0.06624570,0.98587954,-0.15379550,-0.03769439,0.15155138,0.98773038,8.723732,-1.554310,4.086451,-0.007120,0.048250,9.805020,-0.010485,0.047822,-0.002655
2026_07_06_15_26_50.739,9.340000,0.99633002,0.07662825,0.01626496,-0.03449728,0.99709076,0.07123407,0.02712360,-0.06624865,0.98587608,-0.15381625,-0.03769746,0.15157187,0.98772711,8.724921,-1.554373,4.086678,-0.007063,0.048214,9.805554,-0.010446,0.047871,-0.002121
2026_07_06_15_26_50.770,9.360000,0.99632919,0.07663855,0.01626641,-0.03449941,0.99709040,0.07123882,0.02712543,-0.06625228,0.98587263,-0.15383682,-0.03770137,0.15159208,0.98772389,8.726095,-1.554478,4.086951,-0.007083,0.047845,9.806039,-0.010459,0.047580,-0.001588
2026_07_06_15_26_50.786,9.380000,0.99632835,0.07664815,0.01626768,-0.03450139,0.99709004,0.07124320,0.02712697,-0.06625564,0.98586941,-0.15385596,-0.03770484,0.15161093,0.98772085,8.727190,-1.554566,4.087203,-0.007124,0.047287,9.806310,-0.010474,0.047068,-0.001237
2026_07_06_15_26_50.803,9.400000,0.99632758,0.07665715,0.01626873,-0.03450269,0.99708980,0.07124620,0.02712822,-0.06625774,0.98586649,-0.15387388,-0.03770773,0.15162863,0.98771805,8.728217,-1.554637,4.087376,-0.007126,0.046991,9.806447,-0.010461,0.046797,-0.001057
2026_07_06_15_26_50.820,9.420000,0.99632686,0.07666561,0.01626962,-0.03450389,0.99708956,0.07124895,0.02712920,-0.06625967,0.98586375,-0.15389074,-0.03771025,0.15164529,0.98771536,8.729185,-1.554694,4.087533,-0.007128,0.046872,9.806328,-0.010452,0.046661,-0.001157
2026_07_06_15_26_50.853,9.440000,0.99632615,0.07667407,0.01627034,-0.03450500,0.99708939,0.07125150,0.02712986,-0.06626144,0.98586100,-0.15390757,-0.03771242,0.15166193,0.98771274,8.730151,-1.554732,4.087680,-0.007136,0.046562,9.806460,-0.010444,0.046375,-0.000980
2026_07_06_15_26_50.868,9.460000,0.99632549,0.07668256,0.01627079,-0.03450549,0.99708927,0.07125278,0.02713006,-0.06626204,0.98585832,-0.15392444,-0.03771394,0.15167871,0.98771012,8.731125,-1.554743,4.087754,-0.006755,0.046443,9.806390,-0.010054,0.046274,-0.001021
2026_07_06_15_26_50.902,9.480000,0.99632490,0.07669054,0.01627103,-0.03450540,0.99708927,0.07125285,0.02712999,-0.06626151,0.98585588,-0.15394026,-0.03771494,0.15169451,0.98770761,8.732042,-1.554739,4.087758,-0.006611,0.046263,9.806469,-0.009901,0.046118,-0.000911
2026_07_06_15_26_50.903,9.500000,0.99632430,0.07669850,0.01627120,-0.03450478,0.99708933,0.07125185,0.02712985,-0.06625995,0.98585349,-0.15395601,-0.03771571,0.15171029,0.98770517,8.732958,-1.554731,4.087701,-0.007153,0.045790,9.806609,-0.010416,0.045635,-0.000716
2026_07_06_15_26_50.929,9.520000,0.99632365,0.07670701,0.01627186,-0.03450416,0.99708939,0.07125095,0.02713065,-0.06625828,0.98585099,-0.15397291,-0.03771750,0.15172713,0.98770255,8.733934,-1.554777,4.087649,-0.007663,0.045458,9.806276,-0.010889,0.045221,-0.001009
2026_07_06_15_26_50.939,9.540000,0.99632293,0.07671605,0.01627346,-0.03450401,0.99708927,0.07125115,0.02713322,-0.06625742,0.98584825,-0.15399091,-0.03772127,0.15174492,0.98769963,8.734969,-1.554925,4.087661,-0.007727,0.045097,9.806161,-0.010924,0.044843,-0.001069
2026_07_06_15_26_50.970,9.560000,0.99632215,0.07672556,0.01627601,-0.03450433,0.99708909,0.07125244,0.02713758,-0.06625728,0.98584527,-0.15400994,-0.03772704,0.15176356,0.98769659,8.736052,-1.555174,4.087735,-0.008067,0.044688,9.806113,-0.011235,0.044409,-0.001064
2026_07_06_15_26_50.984,9.580000,0.99632132,0.07673550,0.01627938,-0.03450454,0.99708885,0.07125363,0.02714355,-0.06625681,0.98584217,-0.15402986,-0.03773444,0.15178300,0.98769331,8.737183,-1.555516,4.087805,-0.008231,0.044218,9.805843,-0.011357,0.043893,-0.001264
2026_07_06_15_26_51.022,9.600000,0.99632049,0.07674589,0.01628287,-0.03450417,0.99708867,0.07125371,0.02714981,-0.06625513,0.98583907,-0.15405066,-0.03774202,0.15180336,0.98768985,8.738366,-1.555875,4.087810,-0.008027,0.043962,9.805855,-0.011137,0.043656,-0.001207
2026_07_06_15_26_51.022,9.620000,0.99631959,0.07675674,0.01628597,-0.03450380,0.99708849,0.07125375,0.02715527,-0.06625351,0.98583579,-0.15407234,-0.03774887,0.15182462,0.98768634,8.739602,-1.556188,4.087812,-0.007780,0.044111,9.805926,-0.010904,0.043831,-0.001154
2026_07_06_15_26_51.073,9.640000,0.99631870,0.07676798,0.01628922,-0.03450341,0.99708837,0.07125376,0.02716100,-0.06625180,0.98583239,-0.15409482,-0.03775603,0.15184668,0.98768270,8.740883,-1.556517,4.087814,-0.007432,0.043896,9.805548,-0.010528,0.043587,-0.001488
2026_07_06_15_26_51.073,9.660000,0.99631774,0.07677963,0.01629262,-0.03450299,0.99708819,0.07125376,0.02716700,-0.06625000,0.98582888,-0.15411812,-0.03776351,0.15186954,0.98767889,8.742212,-1.556861,4.087814,-0.007170,0.043944,9.805235,-0.010258,0.043605,-0.001798
2026_07_06_15_26_51.103,9.680000,0.99631679,0.07679111,0.01629572,-0.03450311,0.99708796,0.07125478,0.02717233,-0.06624932,0.98582530,-0.15414104,-0.03777046,0.15189204,0.98767513,8.743520,-1.557166,4.087874,-0.007058,0.043983,9.805369,-0.010154,0.043672,-0.001668
2026_07_06_15_26_51.103,9.700000,0.99631590,0.07680182,0.01629862,-0.03450373,0.99708772,0.07125676,0.02717724,-0.06624970,0.98582196,-0.15416248,-0.03777704,0.15191303,0.98767167,8.744740,-1.557448,4.087988,-0.007308,0.043707,9.805336,-0.010384,0.043378,-0.001667
2026_07_06_15_26_51.120,9.720000,0.99631500,0.07681242,0.01630125,-0.03450430,0.99708742,0.07125857,0.02718163,-0.06625003,0.98581862,-0.15418367,-0.03778307,0.15193380,0.98766822,8.745948,-1.557700,4.088093,-0.007419,0.043721,9.804982,-0.010482,0.043330,-0.002022
2026_07_06_15_26_51.136,9.740000,0.99631417,0.07682291,0.01630356,-0.03450482,0.99708724,0.07126025,0.02718541,-0.06625030,0.98581535,-0.15420459,-0.03778845,0.15195440,0.98766488,8.747144,-1.557916,4.088189,-0.007193,0.043670,9.804844,-0.010249,0.043274,-0.002146
2026_07_06_15_26_51.169,9.760000,0.99631333,0.07683268,0.01630565,-0.03450581,0.99708694,0.07126281,0.02718873,-0.06625158,0.98581219,-0.15422413,-0.03779342,0.15197358,0.98766172,8.748258,-1.558106,4.088336,-0.007103,0.043391,9.805103,-0.010150,0.043044,-0.001843
2026_07_06_15_26_51.173,9.780000,0.99631256,0.07684178,0.01630801,-0.03450667,0.99708670,0.07126513,0.02719264,-0.06625259,0.98580927,-0.15424232,-0.03779885,0.15199138,0.98765880,8.749292,-1.558330,4.088470,-0.006916,0.042970,9.805744,-0.009960,0.042741,-0.001143
2026_07_06_15_26_51.203,9.800000,0.99631184,0.07685024,0.01631065,-0.03450742,0.99708641,0.07126726,0.02719719,-0.06625335,0.98580658,-0.15425928,-0.03780480,0.15200792,0.98765600,8.750255,-1.558591,4.088593,-0.006946,0.042541,9.806286,-0.009982,0.042398,-0.000543
2026_07_06_15_26_51.219,9.820000,0.99631113,0.07685806,0.01631312,-0.03450863,0.99708605,0.07127026,0.02720134,-0.06625509,0.98580396,-0.15427497,-0.03781041,0.15202320,0.98765343,8.751143,-1.558829,4.088767,-0.007159,0.042151,9.806620,-0.010182,0.042049,-0.000160
2026_07_06_15_26_51.236,9.840000,0.99631053,0.07686523,0.01631541,-0.03451029,0.99708569,0.07127412,0.02720515,-0.06625776,0.98580158,-0.15428938,-0.03781572,0.15203719,0.98765111,8.751956,-1.559048,4.088988,-0.007391,0.041428,9.806726,-0.010369,0.041336,0.000050
2026_07_06_15_26_51.253,9.860000,0.99630994,0.07687182,0.01631758,-0.03451183,0.99708533,0.07127769,0.02720876,-0.06626025,0.98579931,-0.15430263,-0.03782072,0.15205002,0.98764890,8.752702,-1.559255,4.089194,-0.007948,0.040844,9.806396,-0.010873,0.040670,-0.000201
2026_07_06_15_26_51.286,9.880000,0.99630934,0.07687854,0.01631950,-0.03451274,0.99708509,0.07127997,0.02721197,-0.06626149,0.98579711,-0.15431608,-0.03782513,0.15206315,0.98764670,8.753466,-1.559438,4.089325,-0.008098,0.040978,9.806124,-0.011021,0.040750,-0.000495
2026_07_06_15_26_51.301,9.900000,0.99630880,0.07688538,0.01632112,-0.03451304,0.99708492,0.07128101,0.02721465,-0.06626158,0.98579496,-0.15432975,-0.03782884,0.15207657,0.98764449,8.754246,-1.559592,4.089386,-0.007876,0.041101,9.806042,-0.010805,0.040874,-0.000590
2026_07_06_15_26_51.337,9.920000,0.99630815,0.07689175,0.01632251,-0.03451382,0.99708474,0.07128294,0.02721684,-0.06626268,0.98579293,-0.15434246,-0.03783216,0.15208904,0.98764247,8.754970,-1.559718,4.089497,-0.007530,0.041047,9.806023,-0.010456,0.040843,-0.000591
2026_07_06_15_26_51.337,9.940000,0.99630761,0.07689829,0.01632370,-0.03451560,0.99708444,0.07128685,0.02721848,-0.06626578,0.98579067,-0.15435554,-0.03783524,0.15210186,0.98764038,8.755714,-1.559811,4.089722,-0.007070,0.041343,9.805787,-0.010008,0.041132,-0.000858
2026_07_06_15_26_51.353,9.960000,0.99630702,0.07690497,0.01632472,-0.03451726,0.99708414,0.07129048,0.02721977,-0.06626867,0.98578835,-0.15436889,-0.03783797,0.15211494,0.98763824,8.756475,-1.559886,4.089931,-0.007155,0.041526,9.805566,-0.010097,0.041273,-0.001108
2026_07_06_15_26_51.373,9.980000,0.99630642,0.07691167,0.01632557,-0.03451880,0.99708384,0.07129385,0.02722074,-0.06627134,0.98578608,-0.15438226,-0.03784033,0.15212810,0.98763615,8.757238,-1.559941,4.090125,-0.007192,0.041187,9.805853,-0.010122,0.040979,-0.000774
2026_07_06_15_26_51.403,10.000000,0.99630588,0.07691839,0.01632622,-0.03452076,0.99708354,0.07129805,0.02722126,-0.06627490,0.98578376,-0.15439567,-0.03784238,0.15214130,0.98763406,8.758005,-1.559970,4.090366,-0.006894,0.040874,9.806266,-0.009820,0.040754,-0.000310
2026_07_06_15_26_51.420,10.020000,0.99630535,0.07692511,0.01632673,-0.03452187,0.99708337,0.07130052,0.02722162,-0.06627677,0.98578155,-0.15440905,-0.03784402,0.15215454,0.98763192,8.758774,-1.559992,4.090508,-0.007147,0.040493,9.806233,-0.010046,0.040356,-0.000291
2026_07_06_15_26_51.453,10.040000,0.99630481,0.07693178,0.01632708,-0.03452236,0.99708325,0.07130174,0.02722177,-0.06627745,0.98577940,-0.15442231,-0.03784524,0.15216771,0.98762983,8.759539,-1.560000,4.090578,-0.007315,0.039839,9.806276,-0.010172,0.039706,-0.000153
2026_07_06_15_26_51.453,10.060000,0.99630421,0.07693900,0.01632725,-0.03452333,0.99708313,0.07130388,0.02722142,-0.06627908,0.98577708,-0.15443665,-0.03784619,0.15218195,0.98762763,8.760365,-1.559980,4.090701,-0.006950,0.039558,9.806146,-0.009784,0.039435,-0.000229
2026_07_06_15_26_51.503,10.080000,0.99630356,0.07694735,0.01632721,-0.03452423,0.99708301,0.07130589,0.02722063,-0.06628055,0.98577434,-0.15445319,-0.03784681,0.15219846,0.98762506,8.761323,-1.559934,4.090816,-0.006801,0.039624,9.805934,-0.009632,0.039479,-0.000445
2026_07_06_15_26_51.504,10.100000,0.99630284,0.07695617,0.01632701,-0.03452453,0.99708295,0.07130669,0.02721954,-0.06628084,0.98577160,-0.15447067,-0.03784704,0.15221594,0.98762238,8.762338,-1.559872,4.090862,-0.006846,0.039481,9.806044,-0.009672,0.039351,-0.000317
2026_07_06_15_26_51.522,10.120000,0.99630213,0.07696545,0.01632658,-0.03452425,0.99708301,0.07130634,0.02721805,-0.06628001,0.98576880,-0.15448903,-0.03784676,0.15223436,0.98761952,8.763406,-1.559787,4.090842,-0.006560,0.039389,9.806177,-0.009386,0.039301,-0.000164
2026_07_06_15_26_51.537,10.140000,0.99630141,0.07697459,0.01632605,-0.03452398,0.99708313,0.07130595,0.02721639,-0.06627919,0.98576599,-0.15450707,-0.03784627,0.15225253,0.98761672,8.764461,-1.559692,4.090819,-0.006574,0.039131,9.806314,-0.009388,0.039067,0.000011
2026_07_06_15_26_51.570,10.160000,0.99630076,0.07698306,0.01632551,-0.03452368,0.99708319,0.07130552,0.02721475,-0.06627838,0.98576343,-0.15452380,-0.03784571,0.15226935,0.98761415,8.765435,-1.559598,4.090795,-0.006907,0.038901,9.806726,-0.009719,0.038879,0.000444
2026_07_06_15_26_51.574,10.180000,0.99630016,0.07699151,0.01632482,-0.03452285,0.99708337,0.07130399,0.02721291,-0.06627651,0.98576099,-0.15454046,-0.03784477,0.15228616,0.98761159,8.766411,-1.559492,4.090706,-0.006812,0.039012,9.807094,-0.009646,0.039050,0.000792
2026_07_06_15_26_51.604,10.200000,0.99629956,0.07700007,0.01632451,-0.03452147,0.99708354,0.07130143,0.02721189,-0.06627348,0.98575854,-0.15455736,-0.03784451,0.15230317,0.98760903,8.767398,-1.559434,4.090559,-0.006629,0.039636,9.807279,-0.009512,0.039707,0.000881
2026_07_06_15_26_51.616,10.220000,0.99629897,0.07700824,0.01632464,-0.03452009,0.99708372,0.07129893,0.02721179,-0.06627040,0.98575616,-0.15457352,-0.03784512,0.15231942,0.98760647,8.768340,-1.559428,4.090416,-0.006606,0.040525,9.807504,-0.009557,0.040620,0.000967
2026_07_06_15_26_51.636,10.240000,0.99629843,0.07701588,0.01632467,-0.03451876,0.99708390,0.07129650,0.02721149,-0.06626746,0.98575401,-0.15458862,-0.03784547,0.15233459,0.98760414,8.769220,-1.559411,4.090276,-0.006595,0.040575,9.807321,-0.009541,0.040642,0.000777
2026_07_06_15_26_51.657,10.260000,0.99629796,0.07702296,0.01632506,-0.03451691,0.99708414,0.07129306,0.02721206,-0.06626344,0.98575211,-0.15460262,-0.03784643,0.15234867,0.98760194,8.770038,-1.559443,4.090078,-0.006552,0.040109,9.807129,-0.009461,0.040156,0.000660
2026_07_06_15_26_51.686,10.280000,0.99629748,0.07702957,0.01632633,-0.03451453,0.99708438,0.07128869,0.02721449,-0.06625825,0.98575038,-0.15461573,-0.03784905,0.15236175,0.98759979,8.770798,-1.559583,4.089827,-0.006496,0.039884,9.806557,-0.009368,0.039851,0.000132
2026_07_06_15_26_51.687,10.300000,0.99629706,0.07703567,0.01632842,-0.03451217,0.99708456,0.07128448,0.02721857,-0.06625300,0.98574883,-0.15462789,-0.03785325,0.15237376,0.98759776,8.771496,-1.559817,4.089586,-0.006178,0.039391,9.805968,-0.008996,0.039299,-0.000364
2026_07_06_15_26_51.727,10.320000,0.99629664,0.07704125,0.01633126,-0.03450983,0.99708474,0.07128041,0.02722419,-0.06624769,0.98574746,-0.15463905,-0.03785891,0.15238468,0.98759586,8.772132,-1.560139,4.089352,-0.005837,0.038667,9.805738,-0.008599,0.038574,-0.000471
2026_07_06_15_26_51.737,10.340000,0.99629623,0.07704687,0.01633480,-0.03450752,0.99708480,0.07127652,0.02723120,-0.06624234,0.98574603,-0.15465036,-0.03786599,0.15239567,0.98759389,8.772772,-1.560541,4.089130,-0.005579,0.038089,9.805631,-0.008299,0.038006,-0.000481
2026_07_06_15_26_51.754,10.360000,0.99629581,0.07705310,0.01633846,-0.03450530,0.99708486,0.07127284,0.02723840,-0.06623712,0.98574442,-0.15466289,-0.03787336,0.15240784,0.98759174,8.773480,-1.560953,4.088919,-0.005405,0.037700,9.805621,-0.008100,0.037634,-0.000426
2026_07_06_15_26_51.774,10.380000,0.99629527,0.07705991,0.01634222,-0.03450315,0.99708492,0.07126931,0.02724574,-0.06623199,0.98574263,-0.15467657,-0.03788098,0.15242113,0.98758942,8.774254,-1.561374,4.088717,-0.005136,0.037496,9.805577,-0.007816,0.037445,-0.000432
2026_07_06_15_26_51.803,10.400000,0.99629474,0.07706677,0.01634666,-0.03450155,0.99708486,0.07126699,0.02725433,-0.06622785,0.98574072,-0.15469041,-0.03789002,0.15243447,0.98758698,8.775031,-1.561866,4.088584,-0.004865,0.037453,9.806074,-0.007561,0.037498,0.000072
2026_07_06_15_26_51.819,10.420000,0.99629420,0.07707323,0.01635180,-0.03450045,0.99708468,0.07126576,0.02726428,-0.06622463,0.98573887,-0.15470351,-0.03790053,0.15244694,0.98758465,8.775759,-1.562437,4.088515,-0.004851,0.037765,9.806149,-0.007571,0.037817,0.000098
2026_07_06_15_26_51.853,10.440000,0.99629360,0.07707973,0.01635704,-0.03449988,0.99708444,0.07126562,0.02727435,-0.06622244,0.98573697,-0.15471672,-0.03791131,0.15245946,0.98758233,8.776487,-1.563014,4.088508,-0.004799,0.037546,9.805535,-0.007481,0.037512,-0.000473
2026_07_06_15_26_51.853,10.460000,0.99629295,0.07708725,0.01636182,-0.03449987,0.99708408,0.07126653,0.02728333,-0.06622139,0.98573464,-0.15473193,-0.03792133,0.15247402,0.98757970,8.777335,-1.563529,4.088562,-0.004797,0.037066,9.805013,-0.007428,0.036959,-0.000916
2026_07_06_15_26_51.886,10.480000,0.99629217,0.07709585,0.01636619,-0.03450038,0.99708372,0.07126845,0.02729133,-0.06622139,0.98573190,-0.15474927,-0.03793068,0.15249071,0.98757678,8.778307,-1.563987,4.088673,-0.004895,0.037210,9.804834,-0.007528,0.037067,-0.001118
2026_07_06_15_26_51.886,10.500000,0.99629140,0.07710438,0.01637070,-0.03450132,0.99708331,0.07127124,0.02729957,-0.06622224,0.98572916,-0.15476650,-0.03794039,0.15250725,0.98757380,8.779270,-1.564460,4.088834,-0.004850,0.037195,9.805124,-0.007493,0.037100,-0.000828
2026_07_06_15_26_51.924,10.520000,0.99629062,0.07711282,0.01637580,-0.03450209,0.99708289,0.07127378,0.02730900,-0.06622265,0.98572642,-0.15478355,-0.03795121,0.15252355,0.98757088,8.780220,-1.565000,4.088981,-0.004541,0.036880,9.805406,-0.007175,0.036855,-0.000494
2026_07_06_15_26_51.935,10.540000,0.99628991,0.07712122,0.01638145,-0.03450270,0.99708241,0.07127611,0.02731957,-0.06622268,0.98572373,-0.15480059,-0.03796313,0.15253979,0.98756790,8.781166,-1.565606,4.089116,-0.004315,0.036863,9.805414,-0.006949,0.036855,-0.000477
2026_07_06_15_26_51.953,10.560000,0.99628919,0.07712910,0.01638713,-0.03450372,0.99708194,0.07127921,0.02733016,-0.06622352,0.98572117,-0.15481660,-0.03797513,0.15255493,0.98756510,8.782048,-1.566213,4.089295,-0.003989,0.037162,9.805287,-0.006639,0.037154,-0.000640
2026_07_06_15_26_51.974,10.580000,0.99628848,0.07713642,0.01639282,-0.03450512,0.99708134,0.07128307,0.02734076,-0.06622514,0.98571873,-0.15483151,-0.03798717,0.15256898,0.98756248,8.782868,-1.566821,4.089519,-0.003612,0.037172,9.805730,-0.006280,0.037257,-0.000196
2026_07_06_15_26_52.003,10.600000,0.99628776,0.07714375,0.01639851,-0.03450637,0.99708080,0.07128663,0.02735137,-0.06622646,0.98571628,-0.15484646,-0.03799918,0.15258303,0.98755985,8.783687,-1.567429,4.089724,-0.003481,0.037098,9.805745,-0.006146,0.037197,-0.000167
2026_07_06_15_26_52.003,10.620000,0.99628705,0.07715166,0.01640416,-0.03450694,0.99708033,0.07128885,0.02736196,-0.06622642,0.98571378,-0.15486252,-0.03801103,0.15259829,0.98755705,8.784576,-1.568036,4.089853,-0.003456,0.037127,9.805237,-0.006104,0.037150,-0.000672
2026_07_06_15_26_52.037,10.640000,0.99628633,0.07715956,0.01640985,-0.03450742,0.99707991,0.07129090,0.02737267,-0.06622618,0.98571128,-0.15487856,-0.03802298,0.15261352,0.98755425,8.785464,-1.568650,4.089972,-0.003566,0.037109,9.805062,-0.006205,0.037097,-0.000847
2026_07_06_15_26_52.054,10.660000,0.99628562,0.07716738,0.01641507,-0.03450784,0.99707949,0.07129274,0.02738243,-0.06622592,0.98570883,-0.15489438,-0.03803395,0.15262860,0.98755151,8.786343,-1.569209,4.090079,-0.003718,0.036845,9.804892,-0.006333,0.036800,-0.000979
2026_07_06_15_26_52.082,10.680000,0.99628490,0.07717509,0.01641979,-0.03450821,0.99707913,0.07129441,0.02739123,-0.06622562,0.98570639,-0.15490998,-0.03804393,0.15264352,0.98754877,8.787211,-1.569714,4.090176,-0.003695,0.036466,9.804675,-0.006277,0.036395,-0.001133
2026_07_06_15_26_52.089,10.700000,0.99628425,0.07718277,0.01642402,-0.03450852,0.99707884,0.07129590,0.02739906,-0.06622529,0.98570395,-0.15492548,-0.03805292,0.15265842,0.98754615,8.788079,-1.570163,4.090262,-0.003454,0.036419,9.804276,-0.006019,0.036304,-0.001515
2026_07_06_15_26_52.120,10.720000,0.99628359,0.07719039,0.01642774,-0.03450878,0.99707854,0.07129719,0.02740589,-0.06622494,0.98570156,-0.15494084,-0.03806087,0.15267324,0.98754352,8.788942,-1.570554,4.090337,-0.003022,0.036209,9.804232,-0.005572,0.036121,-0.001514
2026_07_06_15_26_52.120,10.740000,0.99628294,0.07719789,0.01643109,-0.03450953,0.99707824,0.07129940,0.02741189,-0.06622562,0.98569918,-0.15495594,-0.03806815,0.15268783,0.98754102,8.789791,-1.570898,4.090465,-0.002931,0.035776,9.804254,-0.005454,0.035704,-0.001424
2026_07_06_15_26_52.153,10.760000,0.99628228,0.07720533,0.01643408,-0.03451020,0.99707794,0.07130141,0.02741723,-0.06622621,0.98569679,-0.15497090,-0.03807471,0.15270232,0.98753852,8.790634,-1.571204,4.090580,-0.003068,0.035564,9.804434,-0.005584,0.035514,-0.001217
2026_07_06_15_26_52.170,10.780000,0.99628168,0.07721225,0.01643679,-0.03451080,0.99707770,0.07130320,0.02742203,-0.06622671,0.98569453,-0.15498480,-0.03808066,0.15271580,0.98753619,8.791418,-1.571479,4.090684,-0.003280,0.035818,9.804857,-0.005827,0.035814,-0.000844
2026_07_06_15_26_52.186,10.800000,0.99628115,0.07721868,0.01643976,-0.03451128,0.99707741,0.07130479,0.02742741,-0.06622697,0.98569250,-0.15499774,-0.03808707,0.15272832,0.98753405,8.792147,-1.571788,4.090776,-0.003503,0.035833,9.804768,-0.006048,0.035799,-0.000943
2026_07_06_15_26_52.206,10.820000,0.99628055,0.07722519,0.01644342,-0.03451163,0.99707711,0.07130621,0.02743418,-0.06622683,0.98569041,-0.15501089,-0.03809485,0.15274094,0.98753178,8.792882,-1.572176,4.090859,-0.003358,0.035794,9.804213,-0.005880,0.035686,-0.001481
2026_07_06_15_26_52.237,10.840000,0.99627995,0.07723175,0.01644716,-0.03451188,0.99707687,0.07130747,0.02744112,-0.06622650,0.98568839,-0.15502413,-0.03810277,0.15275364,0.98752952,8.793620,-1.572574,4.090931,-0.003034,0.035714,9.803833,-0.005536,0.035572,-0.001836
2026_07_06_15_26_52.252,10.860000,0.99627942,0.07723825,0.01645042,-0.03451155,0.99707669,0.07130749,0.02744721,-0.06622509,0.98568642,-0.15503721,-0.03810965,0.15276630,0.98752725,8.794358,-1.572922,4.090934,-0.002860,0.035215,9.804079,-0.005339,0.035130,-0.001510
2026_07_06_15_26_52.283,10.880000,0.99627888,0.07724525,0.01645326,-0.03451069,0.99707663,0.07130642,0.02745249,-0.06622268,0.98568439,-0.15505126,-0.03811564,0.15278000,0.98752493,8.795155,-1.573225,4.090873,-0.002924,0.034901,9.804464,-0.005397,0.034875,-0.001083
2026_07_06_15_26_52.287,10.900000,0.99627829,0.07725274,0.01645564,-0.03450934,0.99707663,0.07130430,0.02745690,-0.06621932,0.98568225,-0.15506621,-0.03812066,0.15279470,0.98752248,8.796010,-1.573478,4.090751,-0.002640,0.034637,9.804553,-0.005099,0.034648,-0.000948
2026_07_06_15_26_52.320,10.920000,0.99627769,0.07726066,0.01645762,-0.03450804,0.99707669,0.07130224,0.02746050,-0.06621613,0.98567998,-0.15508199,-0.03812496,0.15281031,0.98751986,8.796917,-1.573684,4.090633,-0.002407,0.034330,9.804720,-0.004853,0.034388,-0.000730
2026_07_06_15_26_52.324,10.940000,0.99627709,0.07726849,0.01645988,-0.03450729,0.99707663,0.07130130,0.02746454,-0.06621398,0.98567766,-0.15509762,-0.03812985,0.15282567,0.98751730,8.797811,-1.573916,4.090580,-0.002355,0.034143,9.804839,-0.004793,0.034226,-0.000582
2026_07_06_15_26_52.359,10.960000,0.99627644,0.07727635,0.01646237,-0.03450703,0.99707651,0.07130139,0.02746899,-0.06621278,0.98567528,-0.15511335,-0.03813531,0.15284108,0.98751473,8.798705,-1.574171,4.090586,-0.002269,0.034538,9.804708,-0.004729,0.034601,-0.000771
2026_07_06_15_26_52.370,10.980000,0.99627578,0.07728422,0.01646457,-0.03450676,0.99707639,0.07130141,0.02747284,-0.06621160,0.98567289,-0.15512906,-0.03814016,0.15285651,0.98751211,8.799603,-1.574392,4.090587,-0.002413,0.034905,9.805046,-0.004909,0.035004,-0.000498
2026_07_06_15_26_52.403,11.000000,0.99627525,0.07729143,0.01646643,-0.03450595,0.99707639,0.07130028,0.02747617,-0.06620941,0.98567075,-0.15514345,-0.03814423,0.15287070,0.98750979,8.800427,-1.574583,4.090522,-0.002456,0.034541,9.805220,-0.004934,0.034669,-0.000273
2026_07_06_15_26_52.403,11.020000,0.99627459,0.07729853,0.01646797,-0.03450515,0.99707639,0.07129911,0.02747884,-0.06620730,0.98566866,-0.15515757,-0.03814763,0.15288466,0.98750746,8.801239,-1.574736,4.090456,-0.002268,0.034129,9.805304,-0.004723,0.034289,-0.000119
2026_07_06_15_26_52.436,11.040000,0.99627405,0.07730559,0.01646934,-0.03450491,0.99707633,0.07129903,0.02748111,-0.06620634,0.98566651,-0.15517163,-0.03815080,0.15289855,0.98750520,8.802046,-1.574866,4.090451,-0.002625,0.033996,9.805108,-0.005063,0.034103,-0.000303
2026_07_06_15_26_52.436,11.060000,0.99627352,0.07731272,0.01647103,-0.03450461,0.99707627,0.07129890,0.02748402,-0.06620523,0.98566437,-0.15518588,-0.03815460,0.15291256,0.98750287,8.802860,-1.575033,4.090445,-0.002828,0.034279,9.804320,-0.005254,0.034247,-0.001131
2026_07_06_15_26_52.486,11.080000,0.99627298,0.07731988,0.01647292,-0.03450374,0.99707627,0.07129765,0.02748740,-0.06620291,0.98566228,-0.15520017,-0.03815870,0.15292667,0.98750055,8.803680,-1.575226,4.090372,-0.002721,0.034456,9.804345,-0.005160,0.034433,-0.001131
2026_07_06_15_26_52.486,11.100000,0.99627244,0.07732643,0.01647463,-0.03450341,0.99707621,0.07129744,0.02749039,-0.06620175,0.98566025,-0.15521324,-0.03816249,0.15293953,0.98749840,8.804427,-1.575398,4.090361,-0.002993,0.034198,9.804767,-0.005430,0.034223,-0.000683
2026_07_06_15_26_52.519,11.120000,0.99627191,0.07733240,0.01647671,-0.03450408,0.99707597,0.07129926,0.02749401,-0.06620253,0.98565835,-0.15522523,-0.03816715,0.15295117,0.98749644,8.805104,-1.575605,4.090466,-0.003098,0.033879,9.805024,-0.005524,0.033941,-0.000382
2026_07_06_15_26_52.536,11.140000,0.99627137,0.07733835,0.01647910,-0.03450518,0.99707568,0.07130198,0.02749816,-0.06620412,0.98565632,-0.15523718,-0.03817245,0.15296273,0.98749447,8.805777,-1.575843,4.090623,-0.003209,0.033486,9.804861,-0.005603,0.033520,-0.000487
2026_07_06_15_26_52.553,11.160000,0.99627084,0.07734428,0.01648117,-0.03450618,0.99707538,0.07130446,0.02750171,-0.06620556,0.98565435,-0.15524912,-0.03817714,0.15297431,0.98749244,8.806451,-1.576047,4.090765,-0.003248,0.033176,9.804050,-0.005590,0.033088,-0.001241
2026_07_06_15_26_52.570,11.180000,0.99627036,0.07735023,0.01648341,-0.03450705,0.99707514,0.07130671,0.02750562,-0.06620672,0.98565239,-0.15526107,-0.03818213,0.15298590,0.98749048,8.807125,-1.576271,4.090895,-0.002878,0.032812,9.803721,-0.005184,0.032706,-0.001499
2026_07_06_15_26_52.588,11.200000,0.99626982,0.07735615,0.01648583,-0.03450780,0.99707484,0.07130872,0.02750989,-0.06620760,0.98565048,-0.15527298,-0.03818746,0.15299742,0.98748851,8.807796,-1.576516,4.091012,-0.002693,0.032459,9.803720,-0.004976,0.032370,-0.001442
2026_07_06_15_26_52.606,11.220000,0.99626935,0.07736168,0.01648796,-0.03450793,0.99707472,0.07130946,0.02751372,-0.06620732,0.98564875,-0.15528406,-0.03819209,0.15300821,0.98748666,8.808423,-1.576735,4.091054,-0.002943,0.032963,9.803799,-0.005262,0.032861,-0.001449
2026_07_06_15_26_52.637,11.240000,0.99626893,0.07736685,0.01649035,-0.03450745,0.99707460,0.07130902,0.02751818,-0.06620579,0.98564720,-0.15529446,-0.03819712,0.15301831,0.98748487,8.809011,-1.576991,4.091030,-0.003205,0.033417,9.804597,-0.005584,0.033412,-0.000738
2026_07_06_15_26_52.637,11.260000,0.99626851,0.07737154,0.01649300,-0.03450693,0.99707448,0.07130852,0.02752321,-0.06620415,0.98564583,-0.15530390,-0.03820263,0.15302742,0.98748326,8.809541,-1.577279,4.091001,-0.003344,0.033165,9.805207,-0.005728,0.033247,-0.000101
2026_07_06_15_26_52.679,11.280000,0.99626815,0.07737574,0.01649537,-0.03450693,0.99707437,0.07130899,0.02752762,-0.06620362,0.98564452,-0.15531237,-0.03820762,0.15303557,0.98748177,8.810016,-1.577532,4.091028,-0.003259,0.032872,9.805280,-0.005628,0.032976,0.000019
2026_07_06_15_26_52.687,11.300000,0.99626780,0.07737963,0.01649796,-0.03450685,0.99707419,0.07130934,0.02753252,-0.06620292,0.98564333,-0.15532024,-0.03821303,0.15304308,0.98748040,8.810453,-1.577813,4.091049,-0.003205,0.033154,9.805104,-0.005585,0.033230,-0.000196
2026_07_06_15_26_52.720,11.320000,0.99626750,0.07738323,0.01650129,-0.03450613,0.99707407,0.07130851,0.02753900,-0.06620082,0.98564231,-0.15532757,-0.03821978,0.15304999,0.98747909,8.810857,-1.578184,4.091002,-0.003280,0.033309,9.805320,-0.005679,0.033411,-0.000011
2026_07_06_15_26_52.720,11.340000,0.99626720,0.07738697,0.01650522,-0.03450481,0.99707401,0.07130660,0.02754678,-0.06619744,0.98564136,-0.15533522,-0.03822767,0.15305719,0.98747766,8.811277,-1.578630,4.090894,-0.003122,0.032909,9.805764,-0.005512,0.033096,0.000494
2026_07_06_15_26_52.753,11.360000,0.99626684,0.07739095,0.01650923,-0.03450349,0.99707389,0.07130471,0.02755468,-0.06619404,0.98564029,-0.15534334,-0.03823571,0.15306483,0.98747617,8.811724,-1.579083,4.090786,-0.002826,0.033168,9.805674,-0.005230,0.033359,0.000372
2026_07_06_15_26_52.767,11.380000,0.99626648,0.07739516,0.01651338,-0.03450272,0.99707377,0.07130392,0.02756277,-0.06619169,0.98563910,-0.15535191,-0.03824415,0.15307289,0.98747462,8.812194,-1.579547,4.090742,-0.002782,0.033398,9.805535,-0.005196,0.033567,0.000200
2026_07_06_15_26_52.786,11.400000,0.99626607,0.07739948,0.01651772,-0.03450245,0.99707347,0.07130418,0.02757113,-0.06619032,0.98563778,-0.15536076,-0.03825302,0.15308115,0.98747295,8.812676,-1.580026,4.090757,-0.002953,0.033241,9.805716,-0.005363,0.033428,0.000399
2026_07_06_15_26_52.803,11.420000,0.99626571,0.07740342,0.01652222,-0.03450266,0.99707317,0.07130539,0.02757979,-0.06618988,0.98563653,-0.15536886,-0.03826229,0.15308863,0.98747146,8.813113,-1.580523,4.090827,-0.003022,0.033212,9.806265,-0.005451,0.033479,0.000942
2026_07_06_15_26_52.835,11.440000,0.99626529,0.07740745,0.01652679,-0.03450278,0.99707288,0.07130644,0.02758859,-0.06618925,0.98563528,-0.15537715,-0.03827168,0.15309626,0.98746991,8.813560,-1.581027,4.090889,-0.002966,0.032823,9.806479,-0.005378,0.033132,0.001216
2026_07_06_15_26_52.840,11.460000,0.99626493,0.07741150,0.01653082,-0.03450286,0.99707258,0.07130734,0.02759633,-0.06618864,0.98563403,-0.15538546,-0.03828000,0.15310401,0.98746836,8.814012,-1.581470,4.090942,-0.002536,0.032162,9.806231,-0.004896,0.032473,0.001085
2026_07_06_15_26_52.880,11.480000,0.99626458,0.07741509,0.01653498,-0.03450339,0.99707222,0.07130913,0.02760427,-0.06618889,0.98563284,-0.15539286,-0.03828860,0.15311080,0.98746699,8.814409,-1.581925,4.091045,-0.002336,0.031745,9.806367,-0.004675,0.032097,0.001290
2026_07_06_15_26_52.887,11.500000,0.99626422,0.07741830,0.01653931,-0.03450381,0.99707186,0.07131071,0.02761258,-0.06618893,0.98563176,-0.15539950,-0.03829749,0.15311682,0.98746574,8.814760,-1.582402,4.091137,-0.002588,0.031597,9.806911,-0.004936,0.032017,0.001842
2026_07_06_15_26_52.915,11.520000,0.99626398,0.07742121,0.01654310,-0.03450364,0.99707162,0.07131103,0.02761996,-0.06618788,0.98563093,-0.15540552,-0.03830522,0.15312234,0.98746455,8.815084,-1.582825,4.091157,-0.002248,0.031784,9.807211,-0.004621,0.032271,0.002119
2026_07_06_15_26_52.925,11.540000,0.99626374,0.07742387,0.01654636,-0.03450342,0.99707144,0.07131118,0.02762630,-0.06618685,0.98563010,-0.15541101,-0.03831185,0.15312737,0.98746353,8.815378,-1.583188,4.091166,-0.001546,0.032133,9.807178,-0.003943,0.032660,0.002050
2026_07_06_15_26_52.957,11.560000,0.99626344,0.07742679,0.01654922,-0.03450371,0.99707121,0.07131228,0.02763175,-0.06618686,0.98562920,-0.15541700,-0.03831780,0.15313295,0.98746240,8.815704,-1.583501,4.091230,-0.001294,0.032330,9.806957,-0.003697,0.032839,0.001810
2026_07_06_15_26_52.961,11.580000,0.99626309,0.07743044,0.01655171,-0.03450396,0.99707103,0.07131326,0.02763639,-0.06618683,0.98562801,-0.15542439,-0.03832302,0.15313998,0.98746115,8.816113,-1.583767,4.091287,-0.001314,0.032254,9.806870,-0.003709,0.032749,0.001735
2026_07_06_15_26_53.001,11.600000,0.99626273,0.07743420,0.01655385,-0.03450417,0.99707085,0.07131411,0.02764037,-0.06618677,0.98562682,-0.15543197,-0.03832758,0.15314727,0.98745984,8.816538,-1.583995,4.091336,-0.001370,0.031990,9.807032,-0.003753,0.032510,0.001933
2026_07_06_15_26_53.003,11.620000,0.99626243,0.07743760,0.01655630,-0.03450482,0.99707061,0.07131587,0.02764490,-0.06618755,0.98562568,-0.15543890,-0.03833278,0.15315381,0.98745859,8.816919,-1.584254,4.091437,-0.001497,0.031973,9.806919,-0.003875,0.032467,0.001822
2026_07_06_15_26_53.047,11.640000,0.99626207,0.07744125,0.01655945,-0.03450532,0.99707031,0.07131745,0.02765084,-0.06618790,0.98562449,-0.15544634,-0.03833938,0.15316077,0.98745728,8.817326,-1.584595,4.091529,-0.001426,0.032080,9.806468,-0.003793,0.032508,0.001361
2026_07_06_15_26_53.047,11.660000,0.99626172,0.07744498,0.01656270,-0.03450518,0.99707013,0.07131778,0.02765707,-0.06618698,0.98562336,-0.15545392,-0.03834608,0.15316793,0.98745590,8.817744,-1.584952,4.091548,-0.001378,0.031523,9.805759,-0.003682,0.031854,0.000750
2026_07_06_15_26_53.086,11.680000,0.99626142,0.07744826,0.01656562,-0.03450502,0.99706995,0.07131801,0.02766267,-0.06618609,0.98562235,-0.15546061,-0.03835209,0.15317424,0.98745471,8.818111,-1.585273,4.091562,-0.001591,0.031112,9.805301,-0.003849,0.031363,0.000353
2026_07_06_15_26_53.086,11.700000,0.99626106,0.07745169,0.01656872,-0.03450533,0.99706972,0.07131919,0.02766855,-0.06618609,0.98562121,-0.15546763,-0.03835854,0.15318078,0.98745340,8.818494,-1.585610,4.091631,-0.001481,0.030964,9.805292,-0.003729,0.031224,0.000371
2026_07_06_15_26_53.135,11.720000,0.99626064,0.07745573,0.01657192,-0.03450609,0.99706942,0.07132130,0.02767451,-0.06618694,0.98561990,-0.15547585,-0.03836529,0.15318853,0.98745197,8.818945,-1.585952,4.091753,-0.001095,0.030414,9.805367,-0.003311,0.030720,0.000540
2026_07_06_15_26_53.135,11.740000,0.99626023,0.07746030,0.01657469,-0.03450730,0.99706906,0.07132427,0.02767952,-0.06618875,0.98561829,-0.15548512,-0.03837131,0.15319732,0.98745036,8.819458,-1.586239,4.091925,-0.000853,0.029871,9.805558,-0.003041,0.030232,0.000820
2026_07_06_15_26_53.153,11.760000,0.99625975,0.07746539,0.01657754,-0.03450838,0.99706870,0.07132699,0.02768466,-0.06619025,0.98561656,-0.15549542,-0.03837748,0.15320717,0.98744857,8.820031,-1.586534,4.092081,-0.000516,0.029287,9.805484,-0.002663,0.029669,0.000847
2026_07_06_15_26_53.153,11.780000,0.99625921,0.07747103,0.01658098,-0.03450876,0.99706841,0.07132843,0.02769105,-0.06619024,0.98561478,-0.15550683,-0.03838477,0.15321808,0.98744661,8.820666,-1.586900,4.092165,-0.000352,0.028952,9.805366,-0.002473,0.029332,0.000786
2026_07_06_15_26_53.192,11.800000,0.99625874,0.07747667,0.01658454,-0.03450904,0.99706817,0.07132971,0.02769769,-0.06619004,0.98561299,-0.15551826,-0.03839228,0.15322900,0.98744464,8.821302,-1.587281,4.092239,-0.000352,0.028747,9.805548,-0.002467,0.029158,0.000998
2026_07_06_15_26_53.203,11.820000,0.99625820,0.07748228,0.01658825,-0.03450977,0.99706781,0.07133187,0.02770457,-0.06619069,0.98561114,-0.15552962,-0.03840016,0.15323979,0.98744267,8.821931,-1.587675,4.092364,-0.000413,0.028522,9.805536,-0.002512,0.028931,0.001019
2026_07_06_15_26_53.232,11.840000,0.99625766,0.07748783,0.01659206,-0.03451038,0.99706745,0.07133383,0.02771167,-0.06619110,0.98560935,-0.15554088,-0.03840821,0.15325049,0.98744071,8.822556,-1.588082,4.092477,-0.000387,0.028199,9.806172,-0.002489,0.028711,0.001698
2026_07_06_15_26_53.238,11.860000,0.99625719,0.07749336,0.01659533,-0.03451039,0.99706727,0.07133451,0.02771778,-0.06619039,0.98560762,-0.15555206,-0.03841509,0.15326121,0.98743874,8.823180,-1.588432,4.092517,-0.000087,0.028077,9.806791,-0.002206,0.028708,0.002336
2026_07_06_15_26_53.269,11.880000,0.99625671,0.07749947,0.01659809,-0.03451038,0.99706709,0.07133508,0.02772285,-0.06618971,0.98560572,-0.15556435,-0.03842099,0.15327312,0.98743665,8.823873,-1.588723,4.092550,0.000330,0.028228,9.806656,-0.001795,0.028865,0.002191
2026_07_06_15_26_53.275,11.900000,0.99625617,0.07750605,0.01660046,-0.03451034,0.99706692,0.07133555,0.02772710,-0.06618901,0.98560369,-0.15557754,-0.03842615,0.15328598,0.98743445,8.824621,-1.588967,4.092578,0.000271,0.028085,9.806319,-0.001832,0.028668,0.001878
2026_07_06_15_26_53.303,11.920000,0.99625564,0.07751260,0.01660254,-0.03451028,0.99706680,0.07133593,0.02773078,-0.06618831,0.98560166,-0.15559064,-0.03843071,0.15329881,0.98743230,8.825367,-1.589177,4.092600,-0.000042,0.028211,9.805960,-0.002138,0.028715,0.001494
2026_07_06_15_26_53.319,11.940000,0.99625510,0.07751908,0.01660428,-0.03451019,0.99706668,0.07133619,0.02773380,-0.06618761,0.98559970,-0.15560359,-0.03843459,0.15331152,0.98743016,8.826106,-1.589350,4.092616,-0.000041,0.028177,9.805834,-0.002130,0.028663,0.001375
2026_07_06_15_26_53.339,11.960000,0.99625456,0.07752604,0.01660561,-0.03450955,0.99706668,0.07133533,0.02773605,-0.06618586,0.98559761,-0.15561745,-0.03843760,0.15332523,0.98742795,8.826902,-1.589479,4.092566,0.000111,0.028102,9.806010,-0.001980,0.028626,0.001564
2026_07_06_15_26_53.353,11.980000,0.99625403,0.07753292,0.01660660,-0.03450839,0.99706680,0.07133336,0.02773771,-0.06618313,0.98559564,-0.15563110,-0.03843986,0.15333882,0.98742574,8.827692,-1.589575,4.092453,0.000136,0.028077,9.806278,-0.001964,0.028645,0.001833
2026_07_06_15_26_53.386,12.000000,0.99625361,0.07753910,0.01660738,-0.03450675,0.99706697,0.07133038,0.02773907,-0.06617950,0.98559391,-0.15564336,-0.03844156,0.15335108,0.98742378,8.828404,-1.589653,4.092282,-0.000266,0.027652,9.806416,-0.002341,0.028219,0.002023
2026_07_06_15_26_53.386,12.020000,0.99625319,0.07754546,0.01660763,-0.03450516,0.99706715,0.07132746,0.02773937,-0.06617606,0.98559219,-0.15565591,-0.03844225,0.15336372,0.98742175,8.829138,-1.589670,4.092114,-0.000589,0.027717,9.806587,-0.002675,0.028286,0.002174
2026_07_06_15_26_53.430,12.040000,0.99625272,0.07755181,0.01660771,-0.03450418,0.99706727,0.07132567,0.02773922,-0.06617384,0.98559034,-0.15566847,-0.03844266,0.15337634,0.98741978,8.829870,-1.589661,4.092011,-0.000681,0.027931,9.806586,-0.002781,0.028491,0.002137
2026_07_06_15_26_53.436,12.060000,0.99625224,0.07755816,0.01660756,-0.03450374,0.99706733,0.07132497,0.02773855,-0.06617276,0.98558843,-0.15568103,-0.03844273,0.15338893,0.98741782,8.830601,-1.589622,4.091971,-0.000488,0.028098,9.806242,-0.002585,0.028616,0.001776
2026_07_06_15_26_53.469,12.080000,0.99625170,0.07756503,0.01660713,-0.03450384,0.99706739,0.07132529,0.02773719,-0.06617275,0.98558629,-0.15569460,-0.03844235,0.15340257,0.98741573,8.831392,-1.589545,4.091989,-0.000040,0.028244,9.805942,-0.002137,0.028746,0.001469
2026_07_06_15_26_53.475,12.100000,0.99625117,0.07757230,0.01660649,-0.03450391,0.99706739,0.07132552,0.02773537,-0.06617271,0.98558402,-0.15570897,-0.03844155,0.15341702,0.98741353,8.832231,-1.589440,4.092002,-0.000061,0.027920,9.805995,-0.002139,0.028433,0.001570
2026_07_06_15_26_53.503,12.120000,0.99625063,0.07757937,0.01660568,-0.03450342,0.99706751,0.07132462,0.02773333,-0.06617159,0.98558193,-0.15572290,-0.03844034,0.15343110,0.98741138,8.833047,-1.589323,4.091951,-0.000429,0.027350,9.806135,-0.002473,0.027866,0.001786
2026_07_06_15_26_53.521,12.140000,0.99625015,0.07758635,0.01660522,-0.03450236,0.99706769,0.07132264,0.02773207,-0.06616928,0.98557991,-0.15573665,-0.03843972,0.15344498,0.98740923,8.833853,-1.589252,4.091836,-0.000598,0.027165,9.806227,-0.002633,0.027686,0.001901
2026_07_06_15_26_53.537,12.160000,0.99624962,0.07759386,0.01660503,-0.03450077,0.99706793,0.07131966,0.02773140,-0.06616587,0.98557776,-0.15575148,-0.03843959,0.15345995,0.98740691,8.834722,-1.589213,4.091665,-0.000570,0.027510,9.806270,-0.002629,0.028035,0.001891
2026_07_06_15_26_53.553,12.180000,0.99624902,0.07760122,0.01660457,-0.03449872,0.99706823,0.07131570,0.02773028,-0.06616157,0.98557580,-0.15576595,-0.03843885,0.15347460,0.98740470,8.835570,-1.589149,4.091437,-0.000504,0.027238,9.806190,-0.002542,0.027759,0.001854
2026_07_06_15_26_53.586,12.200000,0.99624866,0.07760785,0.01660392,-0.03449624,0.99706864,0.07131085,0.02772891,-0.06615648,0.98557407,-0.15577897,-0.03843763,0.15348789,0.98740268,8.836342,-1.589070,4.091158,-0.000686,0.026682,9.805859,-0.002675,0.027147,0.001609
2026_07_06_15_26_53.586,12.220000,0.99624825,0.07761436,0.01660318,-0.03449388,0.99706900,0.07130622,0.02772734,-0.06615164,0.98557234,-0.15579176,-0.03843622,0.15350091,0.98740071,8.837097,-1.588980,4.090893,-0.001111,0.026446,9.805540,-0.003070,0.026836,0.001319
2026_07_06_15_26_53.620,12.240000,0.99624783,0.07762076,0.01660283,-0.03449212,0.99706930,0.07130285,0.02772646,-0.06614796,0.98557061,-0.15580437,-0.03843568,0.15351370,0.98739874,8.837839,-1.588930,4.090699,-0.001104,0.026166,9.805585,-0.003046,0.026567,0.001407
2026_07_06_15_26_53.636,12.260000,0.99624741,0.07762701,0.01660282,-0.03449093,0.99706942,0.07130066,0.02772618,-0.06614535,0.98556882,-0.15581670,-0.03843589,0.15352613,0.98739678,8.838560,-1.588914,4.090572,-0.000913,0.025689,9.805922,-0.002837,0.026162,0.001819
2026_07_06_15_26_53.670,12.280000,0.99624693,0.07763311,0.01660259,-0.03449031,0.99706954,0.07129956,0.02772539,-0.06614392,0.98556703,-0.15582874,-0.03843575,0.15353823,0.98739493,8.839262,-1.588868,4.090509,-0.000740,0.025250,9.806149,-0.002644,0.025777,0.002116
2026_07_06_15_26_53.675,12.300000,0.99624652,0.07763859,0.01660222,-0.03448970,0.99706966,0.07129843,0.02772434,-0.06614254,0.98556542,-0.15583956,-0.03843527,0.15354913,0.98739326,8.839895,-1.588808,4.090445,-0.000950,0.025143,9.806360,-0.002855,0.025689,0.002335
2026_07_06_15_26_53.703,12.320000,0.99624616,0.07764397,0.01660171,-0.03448857,0.99706984,0.07129625,0.02772313,-0.06614017,0.98556393,-0.15585014,-0.03843445,0.15355986,0.98739159,8.840517,-1.588739,4.090319,-0.001510,0.024696,9.806394,-0.003384,0.025213,0.002422
2026_07_06_15_26_53.718,12.340000,0.99624580,0.07764929,0.01660099,-0.03448695,0.99707013,0.07129307,0.02772156,-0.06613685,0.98556250,-0.15586059,-0.03843311,0.15357052,0.98738998,8.841136,-1.588649,4.090136,-0.001548,0.024436,9.806497,-0.003410,0.024970,0.002563
2026_07_06_15_26_53.752,12.360000,0.99624550,0.07765402,0.01660004,-0.03448487,0.99707049,0.07128891,0.02771966,-0.06613267,0.98556131,-0.15586984,-0.03843121,0.15358004,0.98738861,8.841687,-1.588540,4.089896,-0.001396,0.024221,9.806927,-0.003260,0.024836,0.003024
2026_07_06_15_26_53.752,12.380000,0.99624527,0.07765818,0.01659948,-0.03448283,0.99707079,0.07128488,0.02771855,-0.06612854,0.98556030,-0.15587798,-0.03843005,0.15358838,0.98738736,8.842171,-1.588477,4.089665,-0.001359,0.023829,9.807090,-0.003204,0.024477,0.003247
2026_07_06_15_26_53.788,12.400000,0.99624503,0.07766247,0.01659934,-0.03448085,0.99707109,0.07128105,0.02771829,-0.06612445,0.98555923,-0.15588641,-0.03842976,0.15359697,0.98738599,8.842669,-1.588462,4.089445,-0.001761,0.024172,9.806914,-0.003620,0.024759,0.003011
2026_07_06_15_26_53.793,12.420000,0.99624473,0.07766700,0.01659959,-0.03447840,0.99707139,0.07127633,0.02771883,-0.06611937,0.98555815,-0.15589532,-0.03843017,0.15360603,0.98738456,8.843195,-1.588493,4.089173,-0.002156,0.025027,9.806776,-0.004065,0.025552,0.002730
2026_07_06_15_26_53.819,12.440000,0.99624443,0.07767165,0.01660068,-0.03447599,0.99707162,0.07127182,0.02772106,-0.06611422,0.98555702,-0.15590455,-0.03843229,0.15361525,0.98738307,8.843731,-1.588620,4.088915,-0.002188,0.025249,9.806668,-0.004107,0.025753,0.002587
2026_07_06_15_26_53.836,12.460000,0.99624407,0.07767681,0.01660196,-0.03447365,0.99707186,0.07126752,0.02772360,-0.06610917,0.98555577,-0.15591478,-0.03843481,0.15362546,0.98738140,8.844324,-1.588766,4.088668,-0.001916,0.024887,9.806684,-0.003812,0.025418,0.002665
2026_07_06_15_26_53.852,12.480000,0.99624377,0.07768196,0.01660289,-0.03447091,0.99707222,0.07126234,0.02772552,-0.06610337,0.98555452,-0.15592496,-0.03843660,0.15363570,0.98737973,8.844919,-1.588876,4.088370,-0.001857,0.024781,9.806801,-0.003751,0.025336,0.002799
2026_07_06_15_26_53.876,12.500000,0.99624348,0.07768650,0.01660363,-0.03446830,0.99707252,0.07125739,0.02772707,-0.06609788,0.98555350,-0.15593395,-0.03843796,0.15364474,0.98737824,8.845444,-1.588965,4.088086,-0.002098,0.024439,9.806698,-0.003965,0.024966,0.002745
2026_07_06_15_26_53.905,12.520000,0.99624324,0.07769042,0.01660407,-0.03446580,0.99707282,0.07125261,0.02772805,-0.06609269,0.98555261,-0.15594165,-0.03843870,0.15365256,0.98737699,8.845899,-1.589021,4.087811,-0.001799,0.023789,9.806958,-0.003634,0.024386,0.003111
2026_07_06_15_26_53.905,12.540000,0.99624300,0.07769439,0.01660473,-0.03446339,0.99707311,0.07124801,0.02772946,-0.06608763,0.98555171,-0.15594950,-0.03843991,0.15366048,0.98737574,8.846357,-1.589102,4.087547,-0.001425,0.023711,9.807012,-0.003258,0.024344,0.003186
2026_07_06_15_26_53.937,12.560000,0.99624276,0.07769904,0.01660565,-0.03446107,0.99707335,0.07124366,0.02773133,-0.06608269,0.98555058,-0.15595871,-0.03844169,0.15366971,0.98737425,8.846895,-1.589209,4.087297,-0.001422,0.023986,9.806617,-0.003257,0.024555,0.002752
2026_07_06_15_26_53.953,12.580000,0.99624246,0.07770368,0.01660632,-0.03445885,0.99707365,0.07123949,0.02773269,-0.06607800,0.98554945,-0.15596789,-0.03844301,0.15367895,0.98737276,8.847431,-1.589287,4.087058,-0.001577,0.023911,9.806681,-0.003409,0.024480,0.002823
2026_07_06_15_26_53.986,12.600000,0.99624217,0.07770832,0.01660673,-0.03445674,0.99707389,0.07123549,0.02773350,-0.06607356,0.98554832,-0.15597703,-0.03844380,0.15368818,0.98737127,8.847967,-1.589333,4.086828,-0.001502,0.023767,9.806483,-0.003317,0.024313,0.002652
2026_07_06_15_26_53.994,12.620000,0.99624187,0.07771292,0.01660734,-0.03445416,0.99707419,0.07123057,0.02773479,-0.06606815,0.98554724,-0.15598612,-0.03844492,0.15369736,0.98736978,8.848500,-1.589407,4.086546,-0.001260,0.023387,9.806406,-0.003048,0.023943,0.002642
2026_07_06_15_26_54.020,12.640000,0.99624157,0.07771755,0.01660873,-0.03445110,0.99707454,0.07122482,0.02773770,-0.06606165,0.98554623,-0.15599529,-0.03844752,0.15370654,0.98736829,8.849033,-1.589574,4.086215,-0.001336,0.023196,9.806338,-0.003108,0.023740,0.002603
2026_07_06_15_26_54.032,12.660000,0.99624127,0.07772283,0.01661034,-0.03444764,0.99707490,0.07121832,0.02774107,-0.06605431,0.98554504,-0.15600576,-0.03845054,0.15371700,0.98736650,8.849642,-1.589767,4.085843,-0.001567,0.023549,9.805733,-0.003339,0.023978,0.001943
2026_07_06_15_26_54.054,12.680000,0.99624091,0.07772864,0.01661167,-0.03444384,0.99707532,0.07121113,0.02774389,-0.06604633,0.98554379,-0.15601723,-0.03845299,0.15372856,0.98736465,8.850313,-1.589929,4.085430,-0.002002,0.023654,9.805440,-0.003768,0.024006,0.001624
2026_07_06_15_26_54.070,12.700000,0.99624056,0.07773436,0.01661330,-0.03444021,0.99707574,0.07120432,0.02774732,-0.06603862,0.98554248,-0.15602857,-0.03845607,0.15373990,0.98736274,8.850973,-1.590125,4.085039,-0.002345,0.023420,9.805684,-0.004103,0.023788,0.001893
2026_07_06_15_26_54.103,12.720000,0.99624026,0.07773948,0.01661522,-0.03443673,0.99707609,0.07119783,0.02775131,-0.06603120,0.98554134,-0.15603876,-0.03845968,0.15375006,0.98736101,8.851563,-1.590354,4.084666,-0.002497,0.023284,9.806105,-0.004262,0.023708,0.002325
2026_07_06_15_26_54.103,12.740000,0.99623996,0.07774462,0.01661737,-0.03443339,0.99707639,0.07119166,0.02775576,-0.06602401,0.98554021,-0.15604897,-0.03846380,0.15376021,0.98735929,8.852155,-1.590610,4.084312,-0.002641,0.023356,9.805958,-0.004404,0.023746,0.002164
2026_07_06_15_26_54.143,12.760000,0.99623960,0.07775034,0.01661966,-0.03443019,0.99707669,0.07118581,0.02776041,-0.06601708,0.98553890,-0.15606037,-0.03846825,0.15377149,0.98735732,8.852810,-1.590876,4.083977,-0.002382,0.023574,9.805532,-0.004144,0.023915,0.001718
2026_07_06_15_26_54.153,12.780000,0.99623924,0.07775601,0.01662156,-0.03442716,0.99707699,0.07118023,0.02776427,-0.06601053,0.98553753,-0.15607165,-0.03847194,0.15378271,0.98735547,8.853462,-1.591097,4.083656,-0.002155,0.023549,9.805218,-0.003904,0.023857,0.001417
2026_07_06_15_26_54.186,12.800000,0.99623889,0.07776157,0.01662368,-0.03442425,0.99707723,0.07117491,0.02776854,-0.06600418,0.98553622,-0.15608270,-0.03847608,0.15379368,0.98735356,8.854101,-1.591342,4.083351,-0.002197,0.023130,9.805021,-0.003911,0.023411,0.001287
2026_07_06_15_26_54.186,12.820000,0.99623853,0.07776709,0.01662645,-0.03442087,0.99707752,0.07116877,0.02777420,-0.06599681,0.98553497,-0.15609373,-0.03848144,0.15380456,0.98735166,8.854733,-1.591666,4.082998,-0.002036,0.022957,9.804654,-0.003724,0.023196,0.000956
2026_07_06_15_26_54.222,12.840000,0.99623823,0.07777209,0.01662931,-0.03441708,0.99707788,0.07116182,0.02778014,-0.06598863,0.98553395,-0.15610372,-0.03848689,0.15381439,0.98734993,8.855307,-1.592007,4.082600,-0.001838,0.023059,9.804170,-0.003514,0.023236,0.000466
2026_07_06_15_26_54.237,12.860000,0.99623781,0.07777714,0.01663178,-0.03441349,0.99707818,0.07115520,0.02778526,-0.06598090,0.98553288,-0.15611377,-0.03849159,0.15382433,0.98734820,8.855885,-1.592300,4.082220,-0.001786,0.023379,9.803843,-0.003471,0.023505,0.000095
2026_07_06_15_26_54.270,12.880000,0.99623752,0.07778219,0.01663443,-0.03441006,0.99707848,0.07114890,0.02779070,-0.06597346,0.98553175,-0.15612386,-0.03849666,0.15383430,0.98734647,8.856464,-1.592612,4.081859,-0.001781,0.023333,9.803608,-0.003454,0.023424,-0.000131
2026_07_06_15_26_54.276,12.900000,0.99623728,0.07778662,0.01663724,-0.03440623,0.99707884,0.07114185,0.02779658,-0.06596523,0.98553091,-0.15613273,-0.03850196,0.15384302,0.98734486,8.856974,-1.592949,4.081454,-0.001967,0.022830,9.803741,-0.003611,0.022936,0.000074
2026_07_06_15_26_54.320,12.920000,0.99623704,0.07779098,0.01663963,-0.03440208,0.99707925,0.07113408,0.02780169,-0.06595643,0.98553014,-0.15614139,-0.03850638,0.15385164,0.98734337,8.857474,-1.593242,4.081008,-0.001998,0.022340,9.803889,-0.003616,0.022473,0.000297
2026_07_06_15_26_54.320,12.940000,0.99623680,0.07779538,0.01664160,-0.03439762,0.99707973,0.07112563,0.02780600,-0.06594707,0.98552936,-0.15615009,-0.03850990,0.15386038,0.98734188,8.857983,-1.593489,4.080523,-0.001858,0.022372,9.803862,-0.003476,0.022510,0.000267
2026_07_06_15_26_54.350,12.960000,0.99623662,0.07779933,0.01664325,-0.03439340,0.99708021,0.07111759,0.02780966,-0.06593826,0.98552871,-0.15615793,-0.03851279,0.15386824,0.98734051,8.858441,-1.593699,4.080061,-0.001799,0.022714,9.803825,-0.003439,0.022846,0.000179
2026_07_06_15_26_54.356,12.980000,0.99623638,0.07780334,0.01664514,-0.03438989,0.99708056,0.07111101,0.02781370,-0.06593081,0.98552793,-0.15616588,-0.03851629,0.15387617,0.98733914,8.858902,-1.593930,4.079683,-0.001716,0.022747,9.804047,-0.003367,0.022918,0.000397
2026_07_06_15_26_54.386,13.000000,0.99623615,0.07780741,0.01664723,-0.03438705,0.99708080,0.07110580,0.02781802,-0.06592468,0.98552710,-0.15617402,-0.03852028,0.15388422,0.98733777,8.859370,-1.594178,4.079385,-0.001462,0.022808,9.804712,-0.003143,0.023099,0.001050
2026_07_06_15_26_54.386,13.020000,0.99623591,0.07781154,0.01664840,-0.03438439,0.99708110,0.07110080,0.02782047,-0.06591906,0.98552614,-0.15618218,-0.03852248,0.15389241,0.98733640,8.859847,-1.594319,4.079098,-0.001237,0.022977,9.805172,-0.002947,0.023353,0.001484
2026_07_06_15_26_54.422,13.040000,0.99623567,0.07781570,0.01664868,-0.03438138,0.99708146,0.07109497,0.02782120,-0.06591285,0.98552525,-0.15619037,-0.03852284,0.15390074,0.98733509,8.860330,-1.594360,4.078763,-0.001068,0.023020,9.805164,-0.002781,0.023405,0.001473
2026_07_06_15_26_54.427,13.060000,0.99623549,0.07781935,0.01664866,-0.03437798,0.99708194,0.07108830,0.02782143,-0.06590594,0.98552459,-0.15619749,-0.03852252,0.15390810,0.98733395,8.860757,-1.594374,4.078380,-0.000918,0.022836,9.805455,-0.002631,0.023280,0.001793
2026_07_06_15_26_54.455,13.080000,0.99623531,0.07782303,0.01664842,-0.03437423,0.99708247,0.07108090,0.02782128,-0.06589838,0.98552400,-0.15620466,-0.03852171,0.15391554,0.98733282,8.861189,-1.594365,4.077954,-0.001115,0.022666,9.805646,-0.002823,0.023127,0.002003
2026_07_06_15_26_54.470,13.100000,0.99623513,0.07782679,0.01664862,-0.03437117,0.99708289,0.07107496,0.02782189,-0.06589213,0.98552322,-0.15621203,-0.03852189,0.15392309,0.98733163,8.861627,-1.594400,4.077613,-0.001467,0.022739,9.805536,-0.003174,0.023157,0.001873
2026_07_06_15_26_54.500,13.120000,0.99623489,0.07783064,0.01664973,-0.03436873,0.99708313,0.07107037,0.02782421,-0.06588693,0.98552239,-0.15621965,-0.03852396,0.15393074,0.98733038,8.862071,-1.594533,4.077350,-0.001607,0.022705,9.805383,-0.003305,0.023091,0.001722
2026_07_06_15_26_54.502,13.140000,0.99623466,0.07783504,0.01665103,-0.03436584,0.99708349,0.07106495,0.02782694,-0.06588082,0.98552138,-0.15622838,-0.03852641,0.15393947,0.98732889,8.862579,-1.594690,4.077038,-0.001642,0.022427,9.804927,-0.003305,0.022744,0.001315
2026_07_06_15_26_54.536,13.160000,0.99623442,0.07783948,0.01665261,-0.03436254,0.99708384,0.07105874,0.02783028,-0.06587382,0.98552048,-0.15623719,-0.03852933,0.15394828,0.98732740,8.863091,-1.594881,4.076682,-0.001989,0.022386,9.804362,-0.003626,0.022592,0.000754
2026_07_06_15_26_54.536,13.180000,0.99623418,0.07784342,0.01665443,-0.03435883,0.99708420,0.07105175,0.02783422,-0.06586600,0.98551977,-0.15624501,-0.03853265,0.15395610,0.98732609,8.863546,-1.595107,4.076281,-0.002236,0.022355,9.804165,-0.003863,0.022513,0.000556
2026_07_06_15_26_54.577,13.200000,0.99623400,0.07784744,0.01665587,-0.03435479,0.99708468,0.07104405,0.02783742,-0.06585758,0.98551905,-0.15625295,-0.03853515,0.15396410,0.98732471,8.864012,-1.595290,4.075838,-0.002070,0.022443,9.804167,-0.003703,0.022612,0.000549
2026_07_06_15_26_54.588,13.220000,0.99623370,0.07785212,0.01665753,-0.03435146,0.99708503,0.07103781,0.02784092,-0.06585050,0.98551804,-0.15626222,-0.03853826,0.15397337,0.98732316,8.864551,-1.595491,4.075480,-0.001892,0.022834,9.804009,-0.003545,0.022986,0.000338
2026_07_06_15_26_54.619,13.240000,0.99623334,0.07785734,0.01665999,-0.03434929,0.99708515,0.07103401,0.02784579,-0.06584561,0.98551673,-0.15627266,-0.03854317,0.15398364,0.98732138,8.865149,-1.595770,4.075263,-0.001798,0.022786,9.803741,-0.003437,0.022904,0.000081
2026_07_06_15_26_54.619,13.260000,0.99623293,0.07786302,0.01666266,-0.03434720,0.99708527,0.07103042,0.02785102,-0.06584081,0.98551524,-0.15628405,-0.03854853,0.15399478,0.98731941,8.865797,-1.596070,4.075057,-0.002047,0.022468,9.803547,-0.003657,0.022544,-0.000067
2026_07_06_15_26_54.669,13.280000,0.99623257,0.07786856,0.01666493,-0.03434468,0.99708545,0.07102592,0.02785554,-0.06583522,0.98551387,-0.15629509,-0.03855303,0.15400568,0.98731756,8.866430,-1.596329,4.074799,-0.002147,0.022004,9.803368,-0.003720,0.022052,-0.000175
2026_07_06_15_26_54.669,13.300000,0.99623227,0.07787341,0.01666677,-0.03434174,0.99708575,0.07102050,0.02785932,-0.06582890,0.98551273,-0.15630475,-0.03855656,0.15401527,0.98731589,8.866989,-1.596546,4.074487,-0.001863,0.021482,9.803233,-0.003397,0.021536,-0.000218
2026_07_06_15_26_54.702,13.320000,0.99623191,0.07787768,0.01666828,-0.03433894,0.99708599,0.07101528,0.02786247,-0.06582293,0.98551178,-0.15631320,-0.03855942,0.15402372,0.98731446,8.867480,-1.596726,4.074188,-0.001782,0.021355,9.803227,-0.003307,0.021416,-0.000201
2026_07_06_15_26_54.702,13.340000,0.99623173,0.07788138,0.01666964,-0.03433682,0.99708623,0.07101138,0.02786525,-0.06581835,0.98551095,-0.15632057,-0.03856205,0.15403104,0.98731321,8.867906,-1.596886,4.073964,-0.002193,0.021125,9.803219,-0.003701,0.021159,-0.000185
2026_07_06_15_26_54.736,13.360000,0.99623150,0.07788511,0.01667069,-0.03433480,0.99708641,0.07100762,0.02786740,-0.06581403,0.98551005,-0.15632796,-0.03856408,0.15403843,0.98731202,8.868335,-1.597009,4.073748,-0.002130,0.021046,9.803070,-0.003628,0.021063,-0.000319
2026_07_06_15_26_54.746,13.380000,0.99623126,0.07788891,0.01667134,-0.03433234,0.99708670,0.07100292,0.02786879,-0.06580887,0.98550922,-0.15633547,-0.03856523,0.15404600,0.98731077,8.868775,-1.597089,4.073479,-0.001627,0.021193,9.803406,-0.003148,0.021295,0.000004
2026_07_06_15_26_54.777,13.400000,0.99623114,0.07789213,0.01667167,-0.03432946,0.99708706,0.07099734,0.02786968,-0.06580298,0.98550862,-0.15634179,-0.03856566,0.15405247,0.98730975,8.869150,-1.597140,4.073158,-0.001483,0.020675,9.804230,-0.003003,0.020921,0.000903
2026_07_06_15_26_54.786,13.420000,0.99623096,0.07789528,0.01667175,-0.03432673,0.99708748,0.07099201,0.02787005,-0.06579740,0.98550802,-0.15634796,-0.03856561,0.15405881,0.98730874,8.869519,-1.597161,4.072852,-0.001443,0.020072,9.804415,-0.002930,0.020359,0.001181
2026_07_06_15_26_54.804,13.440000,0.99623078,0.07789893,0.01667115,-0.03432472,0.99708778,0.07098803,0.02786891,-0.06579337,0.98550713,-0.15635510,-0.03856435,0.15406616,0.98730767,8.869945,-1.597095,4.072623,-0.001685,0.019749,9.804242,-0.003143,0.019997,0.001054
2026_07_06_15_26_54.819,13.460000,0.99623060,0.07790253,0.01666989,-0.03432286,0.99708813,0.07098421,0.02786643,-0.06578971,0.98550630,-0.15636210,-0.03856178,0.15407346,0.98730659,8.870368,-1.596953,4.072403,-0.001923,0.019428,9.804171,-0.003356,0.019652,0.001026
2026_07_06_15_26_54.852,13.480000,0.99623036,0.07790564,0.01666902,-0.03432050,0.99708849,0.07097946,0.02786485,-0.06578502,0.98550564,-0.15636809,-0.03855989,0.15407975,0.98730570,8.870732,-1.596862,4.072130,-0.002027,0.019402,9.804261,-0.003462,0.019633,0.001117
2026_07_06_15_26_54.862,13.500000,0.99623024,0.07790879,0.01666859,-0.03431875,0.99708879,0.07097601,0.02786405,-0.06578150,0.98550487,-0.15637429,-0.03855897,0.15408610,0.98730475,8.871100,-1.596816,4.071931,-0.002126,0.019215,9.804384,-0.003552,0.019462,0.001265
2026_07_06_15_26_54.896,13.520000,0.99623001,0.07791197,0.01666857,-0.03431809,0.99708885,0.07097479,0.02786388,-0.06578007,0.98550397,-0.15638055,-0.03855904,0.15409242,0.98730379,8.871467,-1.596807,4.071861,-0.002012,0.019084,9.804108,-0.003420,0.019297,0.001015
2026_07_06_15_26_54.902,13.540000,0.99622977,0.07791519,0.01666882,-0.03431740,0.99708891,0.07097355,0.02786424,-0.06577853,0.98550308,-0.15638693,-0.03855963,0.15409879,0.98730272,8.871837,-1.596828,4.071790,-0.001725,0.019005,9.803638,-0.003110,0.019168,0.000573
2026_07_06_15_26_54.936,13.560000,0.99622953,0.07791902,0.01666868,-0.03431620,0.99708909,0.07097125,0.02786390,-0.06577602,0.98550206,-0.15639447,-0.03855944,0.15410645,0.98730159,8.872281,-1.596808,4.071658,-0.001284,0.019062,9.803733,-0.002678,0.019269,0.000667
2026_07_06_15_26_54.940,13.580000,0.99622917,0.07792290,0.01666882,-0.03431500,0.99708927,0.07096898,0.02786408,-0.06577345,0.98550099,-0.15640210,-0.03855978,0.15411414,0.98730034,8.872727,-1.596819,4.071527,-0.001040,0.019180,9.803834,-0.002446,0.019419,0.000756
2026_07_06_15_26_54.969,13.600000,0.99622893,0.07792626,0.01666988,-0.03431429,0.99708927,0.07096781,0.02786607,-0.06577173,0.98550004,-0.15640883,-0.03856200,0.15412076,0.98729920,8.873113,-1.596933,4.071461,-0.001167,0.019094,9.803848,-0.002568,0.019327,0.000781
2026_07_06_15_26_54.984,13.620000,0.99622875,0.07792918,0.01667125,-0.03431407,0.99708921,0.07096768,0.02786861,-0.06577098,0.98549920,-0.15641469,-0.03856488,0.15412647,0.98729825,8.873445,-1.597078,4.071453,-0.001148,0.019190,9.803857,-0.002555,0.019425,0.000773
2026_07_06_15_26_55.011,13.640000,0.99622852,0.07793214,0.01667226,-0.03431383,0.99708921,0.07096745,0.02787046,-0.06577022,0.98549831,-0.15642063,-0.03856707,0.15413226,0.98729724,8.873782,-1.597184,4.071440,-0.000923,0.019120,9.803409,-0.002310,0.019303,0.000349
2026_07_06_15_26_55.024,13.660000,0.99622828,0.07793523,0.01667289,-0.03431305,0.99708927,0.07096606,0.02787163,-0.06576844,0.98549742,-0.15642677,-0.03856841,0.15413837,0.98729622,8.874137,-1.597251,4.071361,-0.000636,0.019364,9.803067,-0.002026,0.019511,-0.000018
2026_07_06_15_26_55.052,13.680000,0.99622804,0.07793848,0.01667375,-0.03431170,0.99708939,0.07096361,0.02787332,-0.06576551,0.98549658,-0.15643322,-0.03857013,0.15414479,0.98729515,8.874511,-1.597348,4.071220,-0.000648,0.019704,9.802894,-0.002054,0.019819,-0.000243
2026_07_06_15_26_55.058,13.700000,0.99622780,0.07794176,0.01667482,-0.03431037,0.99708951,0.07096123,0.02787542,-0.06576257,0.98549575,-0.15643974,-0.03857226,0.15415125,0.98729408,8.874886,-1.597468,4.071083,-0.000421,0.019492,9.802701,-0.001806,0.019596,-0.000395
2026_07_06_15_26_55.086,13.720000,0.99622762,0.07794454,0.01667555,-0.03430961,0.99708956,0.07095990,0.02787680,-0.06576083,0.98549497,-0.15644526,-0.03857378,0.15415674,0.98729312,8.875205,-1.597547,4.071007,0.000090,0.019415,9.802409,-0.001280,0.019512,-0.000657
2026_07_06_15_26_55.102,13.740000,0.99622738,0.07794744,0.01667650,-0.03430882,0.99708962,0.07095855,0.02787860,-0.06575898,0.98549420,-0.15645105,-0.03857574,0.15416244,0.98729217,8.875537,-1.597651,4.070930,0.000260,0.019497,9.802229,-0.001109,0.019577,-0.000842
2026_07_06_15_26_55.133,13.760000,0.99622715,0.07795101,0.01667760,-0.03430748,0.99708968,0.07095616,0.02788074,-0.06575601,0.98549330,-0.15645815,-0.03857795,0.15416948,0.98729098,8.875947,-1.597774,4.070792,0.000407,0.019683,9.802233,-0.000974,0.019770,-0.000864
2026_07_06_15_26_55.136,13.780000,0.99622685,0.07795516,0.01667838,-0.03430673,0.99708974,0.07095490,0.02788213,-0.06575423,0.98549211,-0.15646642,-0.03857968,0.15417770,0.98728967,8.876423,-1.597853,4.070721,0.000536,0.019826,9.802143,-0.000851,0.019907,-0.000972
2026_07_06_15_26_55.169,13.800000,0.99622649,0.07795978,0.01667891,-0.03430706,0.99708968,0.07095578,0.02788281,-0.06575464,0.98549062,-0.15647562,-0.03858110,0.15418680,0.98728818,8.876952,-1.597892,4.070771,0.000699,0.019572,9.802300,-0.000678,0.019693,-0.000772
2026_07_06_15_26_55.177,13.820000,0.99622613,0.07796434,0.01667922,-0.03430735,0.99708962,0.07095652,0.02788305,-0.06575499,0.98548913,-0.15648466,-0.03858205,0.15419579,0.98728675,8.877474,-1.597906,4.070813,0.000452,0.019407,9.802138,-0.000908,0.019487,-0.000914
2026_07_06_15_26_55.203,13.840000,0.99622577,0.07796838,0.01667988,-0.03430754,0.99708956,0.07095712,0.02788405,-0.06575511,0.98548782,-0.15649273,-0.03858366,0.15420373,0.98728544,8.877935,-1.597963,4.070848,0.000127,0.019572,9.801950,-0.001235,0.019598,-0.001136
2026_07_06_15_26_55.219,13.860000,0.99622548,0.07797194,0.01668090,-0.03430818,0.99708939,0.07095865,0.02788573,-0.06575608,0.98548663,-0.15649985,-0.03858603,0.15421067,0.98728424,8.878339,-1.598060,4.070936,-0.000082,0.019739,9.802464,-0.001475,0.019827,-0.000658
2026_07_06_15_26_55.253,13.880000,0.99622506,0.07797552,0.01668169,-0.03430875,0.99708927,0.07096000,0.02788695,-0.06575695,0.98548543,-0.15650700,-0.03858792,0.15421768,0.98728305,8.878746,-1.598129,4.071014,-0.000366,0.019739,9.802595,-0.001763,0.019827,-0.000537
2026_07_06_15_26_55.261,13.900000,0.99622482,0.07797968,0.01668218,-0.03430875,0.99708921,0.07096019,0.02788764,-0.06575671,0.98548418,-0.15651527,-0.03858918,0.15422589,0.98728174,8.879224,-1.598169,4.071025,-0.000588,0.019685,9.802559,-0.001979,0.019752,-0.000571
2026_07_06_15_26_55.292,13.920000,0.99622446,0.07798437,0.01668241,-0.03430820,0.99708927,0.07095926,0.02788785,-0.06575539,0.98548275,-0.15652457,-0.03858986,0.15423518,0.98728025,8.879764,-1.598181,4.070972,-0.000866,0.019731,9.802999,-0.002276,0.019845,-0.000152
2026_07_06_15_26_55.302,13.940000,0.99622416,0.07798903,0.01668235,-0.03430711,0.99708945,0.07095723,0.02788757,-0.06575307,0.98548144,-0.15653376,-0.03858988,0.15424447,0.98727882,8.880302,-1.598165,4.070855,-0.000784,0.019705,9.803269,-0.002203,0.019868,0.000121
2026_07_06_15_26_55.319,13.960000,0.99622387,0.07799312,0.01668205,-0.03430606,0.99708962,0.07095520,0.02788684,-0.06575087,0.98548031,-0.15654179,-0.03858939,0.15425262,0.98727757,8.880775,-1.598123,4.070738,-0.000623,0.019647,9.803546,-0.002050,0.019864,0.000407
2026_07_06_15_26_55.336,13.980000,0.99622363,0.07799672,0.01668162,-0.03430557,0.99708968,0.07095426,0.02788581,-0.06574980,0.98547930,-0.15654890,-0.03858869,0.15425982,0.98727649,8.881192,-1.598064,4.070683,-0.000695,0.019969,9.803659,-0.002147,0.020194,0.000466
2026_07_06_15_26_55.374,14.000000,0.99622327,0.07800048,0.01668104,-0.03430507,0.99708980,0.07095327,0.02788445,-0.06574876,0.98547816,-0.15655626,-0.03858770,0.15426730,0.98727536,8.881626,-1.597986,4.070627,-0.000910,0.020537,9.803451,-0.002391,0.020706,0.000165
2026_07_06_15_26_55.378,14.020000,0.99622297,0.07800491,0.01668022,-0.03430482,0.99708992,0.07095278,0.02788254,-0.06574822,0.98547685,-0.15656500,-0.03858632,0.15427615,0.98727399,8.882139,-1.597877,4.070599,-0.000926,0.020883,9.803855,-0.002445,0.021109,0.000511
2026_07_06_15_26_55.402,14.040000,0.99622262,0.07800990,0.01667923,-0.03430511,0.99708992,0.07095334,0.02788018,-0.06574875,0.98547524,-0.15657483,-0.03858474,0.15428610,0.98727250,8.882717,-1.597742,4.070630,-0.000871,0.021062,9.804064,-0.002410,0.021322,0.000690
2026_07_06_15_26_55.419,14.060000,0.99622220,0.07801487,0.01667812,-0.03430589,0.99708986,0.07095487,0.02787749,-0.06575029,0.98547357,-0.15658462,-0.03858297,0.15429598,0.98727101,8.883289,-1.597587,4.070718,-0.000834,0.021175,9.804008,-0.002379,0.021427,0.000619
2026_07_06_15_26_55.453,14.080000,0.99622184,0.07801928,0.01667687,-0.03430660,0.99708986,0.07095621,0.02787457,-0.06575174,0.98547208,-0.15659329,-0.03858087,0.15430477,0.98726976,8.883799,-1.597420,4.070795,-0.000819,0.021162,9.803787,-0.002354,0.021381,0.000402
